-2,60843095201119 1,10693459815941 -2,36694613322317 1,58152708446651 -1,729008607646 1,25357573516474 -1,14107594110543 1,17309838622018 -2,43893378179222 1,32126704580922 
0,483199164921454 -3,18169408292665 1,29589401455428 0,104866481317924 0,289536383901836 -2,47415167022344 -2,83046690506223 -0,304651101145601 1,2086546985365 -1,83189057772151 
2,03216478456453 -2,02483763091675 -1,36393697816409 -2,74111526405578 -1,69313369642061 -2,40297258068363 -1,33056584194258 2,57951355480842 -1,89413843820211 -2,56107639555725 
-3,09461022636747 -1,53622173855365 -1,85024534309975 -3,02438990836109 1,41090076972593 -3,14142660008564 1,5207825508926 0,865421545644992 -3,99306547354745 2,22420201677025 
-1,08680247323818 1,32449077715448 1,36211543845629 -2,10842434615843 -3,11994026488661 -2,02701848935363 3,12499189808387 -1,86071387043458 -1,34572324123363 -2,33144061865556 
-2,72409511109998 1,1923842851185 -2,35745540789608 0,0686856151702584 -0,198610337547726 1,05813527239409 -4,02267372435715 0,535214234427753 1,34720391154591 -1,43816266869118 
-2,07639859544101 1,43538980426481 -0,166700502472397 0,996769225069311 -1,10883658583583 -1,1926187085069 -0,226477666731116 -2,24185914830716 0,965643891931037 -2,22666997958556 
-1,65798266718907 0,375822835204327 0,125453972270274 -2,13170070636615 -0,906112510298699 -4,013834685233 -0,625155673307027 1,10708420214814 -0,881566941885505 0,361884845934662 
-1,83018931813645 -2,82028790154553 -0,644750928117361 -2,80015036477004 -0,910858866307147 -1,07837045661704 -3,16216471406922 -0,68323214928482 -3,28969483017154 -2,43612005871748 
0,677127391637601 -0,263719247734655 -0,737482668361178 0,942429675867456 -2,2035823672842 1,02663464974585 -3,00637581081655 1,00763706800091 -2,06310669888723 -1,81736593120194 
1,09662401992987 -2,61570619305275 -2,31046702543265 -3,16502806619547 -0,315154713279302 1,87004728498535 0,260336693860661 0,813712498596863 -0,838545718435627 -1,81891548591043 
1,85416121404335 -1,49173201183864 -0,277733497984192 -0,63381207064039 -3,60616631492978 0,638048480822987 -0,117177513203174 -5,13524498180189 0,00681353769133014 -3,44394930023152 
0,292503434673167 -2,67055833769562 -1,96095240067576 0,326429039637272 1,06222008554698 -0,816208118042854 -0,528953879791005 -2,52906769008555 -0,743651798653535 1,69094964693466 
-1,92060954717392 2,60809500580135 1,72382487962594 -1,29341986491925 -0,609168357477379 -2,1502346733207 -2,78738936010793 -0,522224301668092 -1,88532209535101 -2,16050618204743 
-1,27812971376117 -1,84276391823352 0,691255314562158 1,47082982000793 -0,624817303762412 -2,33450464388168 -2,41179639480143 -0,841049131627926 -2,29493683289549 -1,11578499141387 
-2,35395091014032 -3,44538875889663 -0,991103833389616 -1,87897987287909 2,36160825362543 0,78085379997212 1,23982607317537 -1,26806000321386 -2,84207066032533 -3,05875594006983 
-1,63502476484631 -3,43588526456774 -0,687766988622225 -2,74580886469909 -3,10645260410695 -1,41709474756459 -1,16591400777501 -2,17508623404541 -0,73804780429602 0,184994012213337 
-2,5024292644284 0,53802954984851 -2,0646466283871 -3,299743407041 -0,717916224946326 -0,535531655874425 -0,707894226369902 -2,06111321032833 1,39381010367821 -0,0191125386930589 
