0,883066596649954 0,667954431475699 -1,57463453843841 0,0387735201870138 -2,28461895603268 2,53929827067689 1,0810269869733 0,793565285711792 0,397913173257332 0,74481076399474 -0,217081288314832 -1,4287451059275 -0,32793193088674 0,967841287823802 0,629869572971699 -2,04585452656567 -0,528333697032536 0,944501537461556 
4,97424514345849 -1,14025563857621 3,31362309773505 -5,83420801136459 -2,92210820564734 0,810843748843739 -1,07522003498963 4,05899926226812 -2,53853903975927 1,9438748051991 1,05500477452654 -0,112747762311548 -1,42829696570798 0,945610501208792 -0,330139900516598 -12,9779838406914 4,82783800543286 0,844035237886756 
0,0278805464540718 -6,63283617203026 -2,60681899329172 2,31655097295988 -0,224165045149921 3,42493465189071 0,0467292926180381 0,432239210369185 -0,77342059518365 -5,07636376815259 4,53207357500365 1,44406331005747 0,162794552105476 -4,31474374838111 -6,79917107412694 2,88468203174513 0,159458937831744 10,6786785024722 
2,50238059555142 1,4963147487609 1,18243940621919 4,02149363307649 -2,87579292594465 1,7751872674247 -3,40660957852608 -1,20528221242722 2,02028816371405 3,87532339763867 2,99652372371692 -1,91215164341037 0,00638079063618194 -2,12274790152422 -1,36349353770528 0,873787818845877 -2,53720877652681 -2,30380997901203 
-0,773847382178409 -0,213247205308983 -4,42786486222317 -1,72292919606038 -2,17268872211044 6,30297870220543 0,801907647033584 -3,26496519995857 2,24162819105606 -0,656816677282844 0,0392345648450314 0,0742010691744452 0,65494499513389 -1,7343204955486 0,235352360323122 3,91511243391887 -3,52936921606698 4,13101421218561 
-0,309545539655082 3,06143618317648 -0,276598953857366 7,94067247840235 1,66243851820222 -3,26879096998317 -3,34989527652409 0,732518566158995 1,82261542803847 -4,19882783468652 2,32200385861437 -3,94878998761409 2,20666219978034 -2,02903736237369 0,396380540517095 2,85616506573866 -2,37802476264741 0,118333755470385 
2,10578365338729 1,0438240988593 -0,98113305725138 2,86636827592188 -9,8531754568102 3,58995981720627 -5,16088120763063 0,602075918867144 -0,410999130731255 -0,638002477884041 -0,524941028245894 -5,4464642825421 0,706464003628948 -4,93702479804936 -2,02952907079811 0,00793262079797766 2,45058861994302 -0,960315343238029 
0,435693739373035 -2,81163176311501 -3,72018837480028 0,00874669291744921 10,7616469103658 -6,3766604854299 2,28472050602544 2,11686160774326 -2,19071704759052 -0,357340546765279 -4,03361113531628 1,90888899234899 -8,40002987642196 6,63402490122131 0,717887304239232 -1,32423752787296 1,55474162338733 -0,607906978499243 
0,61287866815765 -3,76747043266021 2,09922352452956 -1,53904215851049 -0,902323106944607 -2,73890530360576 -2,23531327290881 -5,93534540257061 -0,778600233927305 3,38004368138765 5,46435704056107 4,35515939313004 2,8747721604554 -2,25665075646303 -1,84093014038947 1,68077090994875 0,983933895439305 -0,43134872371888 
3,75059213179969 -3,0675425537392 -8,478342994304 -3,78818367995585 -0,15078868784612 2,16738513986625 9,12745988482918 1,59750222291375 -2,62766841365912 2,77861682057122 -5,529454379127 0,783296479438679 0,15799587296832 -1,25745025535332 0,797650180763392 -2,39274011033835 0,201978199744372 -0,0371803119504533 
3,40244808933737 -1,75216185914456 6,83621947410992 0,404199438441211 -2,70583940136092 -3,88788483460969 1,12350133483933 -5,6186701168599 -0,748788154419156 5,32758051407215 8,80725747178422 2,80196407307753 4,38170219470495 -7,11423537997285 -2,76338229132822 3,04787768013921 0,640136596110022 -7,61777914354298 
-2,07436604444367 2,42269435527995 2,2978191909838 1,33853971502072 2,62910782885322 -3,43427521153701 -3,03575036780185 0,543519296473507 0,402133534423497 -1,02892658623348 -1,85309645123667 0,341678681628332 -3,12852300880108 0,439291904844348 -0,505522575861917 1,00310399020485 -0,266904190891931 0,755350399128337 
10,8657056983782 -5,43058836118263 -4,33102202294573 2,07075288260027 0,780278124676836 5,42774351844935 -0,776688427961877 0,0301065305985016 -0,518587300610002 5,21420804061581 -0,840524472214267 -0,216900464934764 1,05875909995588 -0,749237452993295 0,9569502973832 0,0712115309049447 -0,0843606260909232 -1,11179570310008 
6,03701240099572 0,707002564753494 -0,69490231668517 6,44060716701387 2,19597290539736 2,09563998713143 -3,10969146280209 3,3631373909312 0,5530863413976 0,792127300655354 -6,85629329863007 -8,59131607318432 -0,149804999485323 2,90273146064802 -1,82530801559643 -1,17568984666844 -0,923299913166937 2,99975029559697 
-3,0068502497226 2,79475169610667 3,87832241319428 -6,43876350754206 -3,32631868364998 2,23854040297732 -1,4322589448252 -0,844469522584316 -1,0336067462896 5,1751374566797 -2,09003779163121 3,10344887364406 -8,2281880265568 2,48454346606281 1,78378262718039 -3,25335788767446 0,926192480897498 -3,38780038406947 
-5,15103394999452 -1,57491396321202 -9,91385670176026 -4,49140732437711 0,252741618355485 -1,18671221386513 2,03313714009269 -4,16582002586504 -1,02537587169502 -5,55977587676984 -2,79506768938503 2,70988480628288 2,94724735110672 -3,0384633010027 -1,06934754427326 1,85318722210705 0,487725734734945 0,114624178856422 
-6,1787607932572 12,2122200443581 -2,80264486571151 3,48287959220197 -3,25038860223519 -5,27599300081773 1,02131536129111 -2,1069445235286 -1,02426055211962 -6,09058342331128 -6,92377062280439 -3,41157537516804 2,54525063656328 -2,17649639224423 4,15359925085937 -0,61718837841451 -0,657814959950194 -5,9766647481777 
-0,652194167083251 1,44683083521775 -5,71409156581684 1,5278658767772 0,159882912315427 3,58580023504729 -3,8152384655237 -2,09647932433625 0,715173482942586 1,79984767237696 1,08970518353468 -2,24744519648718 -2,68452524277583 -2,26839658400128 -1,82575073972186 2,55616859519418 -0,788676380765314 -1,13211102885109 
