0,0440955130504648 -0,828541718802889 
0,244491197147851 -0,735307772921011 
-0,130480535523974 -0,577316412440119 
0,27350489980726 -0,242615854880987 
0,29031180124766 -0,237056331288489 
-0,0600412890080251 -0,467384320370491 
-0,156625011212268 -0,606347085193827 
0,431535322285257 -0,0106685985208066 
0,459791665510393 -0,409740866287418 
-0,254186946686228 0,000238302229153384 
-0,436170417222058 0,0875767498406196 
-0,272245224361206 -0,345654124024092 
0,0840549118791344 -0,508296111304388 
-0,0565469987401493 -0,347515914686776 
-0,0965311330664211 -0,669297854042666 
0,483959609403044 -0,110731307603684 
-0,11858008579785 -0,727205361269097 
0,442798676506273 -0,732365189861613 
-0,0342296950164089 -0,103917472047619 
0,0600129159961256 -0,632495023539455 
0,148215076354648 -0,585489774330217 
-0,247940561984422 -0,719671217063229 
-0,267789745962865 -0,260321758277792 
0,096540497060403 -0,464923623169197 
-0,228551924004261 0,116747270457861 
-0,0314660180923534 0,0190997408513151 
0,28335770684938 -0,254394935962856 
0,274142670437976 -0,0770617145751157 
0,146211116507964 -0,420961760580915 
-0,0442469433572993 -0,633291505972461 
0,254332461377977 -0,390089805819995 
-0,370999963796016 -0,0515253557410871 
0,0540991098454983 0,0395604791956473 
0,426311478083013 -0,465212136123791 
-0,274029787370933 0,0802828027949888 
-0,201274516924193 -0,447398305894265 
0,305449973576582 -0,632500174343353 
-0,372226277412577 0,175143912065287 
0,110867191410265 -0,763704656573519 
-0,302498990979554 -1,27520813811238 
0,170552535273453 -0,725159465329228 
-0,343829850513318 -0,3655530048814 
0,137543190223528 -1,06424276556825 
0,381597104063978 -0,182811835680088 
-0,226106352521644 -0,508956188127323 
-0,103436034511569 -0,572867434579461 
-0,284559033648882 -0,289061393770729 
-0,111711718936465 -0,496923164857508 
-0,439378078935568 -0,562844544472272 
0,00134325175793221 -0,736638629894642 
0,0884824617489689 -0,475291806173028 
-0,415777319095178 -0,392455753279836 
0,0931869719013918 -0,595175351229831 
0,488853523134867 -0,0949503700038376 
-0,106418161837361 0,124823313329818 
-0,412579026400165 -0,301214876194047 
-0,343097382519689 -0,388623613514224 
-0,028454897607672 -0,154058029415971 
-0,271129353698653 -0,157752543696014 
-0,413721449069333 -0,410761449612028 
0,433627036039177 -0,709503400870306 
-0,43918055976243 0,190681795016501 
0,0313705918583449 -0,63125306261171 
-0,387667037788083 -0,387844201335545 
0,254163263087431 0,0740408801215555 
0,353457432025815 -0,686018862360253 
0,210741596355741 -0,770769733947139 
0,0203239724872864 -2,88215169791957 
-0,411410226531608 -3,11852784895346 
0,458637866134875 -3,87393818417266 
-0,2592189111703 -3,05549950247786 
0,00722016732048341 -2,99678190573545 
-0,294746347191295 -2,66777722985681 
0,511386754044067 -2,68586324964269 
0,509474472298682 -2,03128426261043 
-0,418616488497961 -2,36577058076803 
-0,0184833499723586 -2,04056297527583 
0,0228624701562611 -1,75102771525819 
-0,259911274248822 -2,39004777469041 
0,351284265433186 -0,673338108999178 
-0,432335083635337 -0,286281000592846 
0,426135956635622 -0,397382191113674 
-0,452763031116816 -0,825336971732694 
0,263811627390923 -0,358806052812679 
0,366589303164302 -0,672772947946859 
0,0328807000738319 -0,319737079171269 
0,15978813211911 -0,146208439490782 
-0,37566140418183 -0,0423725181713461 
0,0593706403742908 -0,196413340225759 
0,284776827875953 -0,166690322666849 
-0,306789894464729 -0,497532602570356 
-0,0985963475037306 0,261573051510205 
0,290561878271178 -0,812391028475686 
0,101615926608294 -0,388448902651958 
-0,242558441409463 0,44052837281307 
-0,332189379517263 0,168518426427154 
0,461505023826823 -1,13607003614442 
-0,0703609747227952 0,629838643920742 
-0,186231305990057 3,6667617996147 
-0,127056852716606 -0,0810025984714427 
-0,26691749271406 -2,60499510445154 
0,544186971022615 -6,83284200610482 
-0,195286509267312 -8,25660771568961 
0,345107019113227 -9,47843595752884 
-0,445225599375824 -10,1486776322378 
0,502317801342246 -7,21635024033476 
-0,141660406988675 -5,20534603775003 
-0,24795334214722 -1,47192369118912 
-0,260576646675022 -0,699352665584881 
0,278253055576153 -0,495379517716304 
-0,0564676734740222 -0,55540854703542 
-0,340376239088878 0,133565302600017 
0,434273479108111 -0,188290843762519 
-0,00594415436288341 -0,627652613673132 
-0,299920346862144 -0,249988196003173 
-0,0811281001066944 -0,152020223681337 
-0,178576941958605 -0,259677246883547 
-0,0886202689163974 -0,195703899825224 
-0,217703372164076 -0,315353428153107 
0,214077463565506 -0,7137244646542 
0,0879870042486609 -0,776873645414771 
0,0246050002866512 -0,3253153114706 
0,501055503999006 -0,376893754692825 
0,136274872013731 0,229071882973806 
-0,189698335642489 2,49541734412166 
-0,0960996860037 8,67944145156668 
-0,331422987954321 7,9572301267287 
0,444343470729205 5,72776563590888 
0,401017624692645 5,80891624979889 
0,782820091182787 -0,659004791830524 
-0,328527900180528 -6,67135654158769 
0,358602178183541 -3,36693428270482 
0,836998562740157 1,04582256681529 
0,401800239317912 3,68945887620987 
0,355165303981418 -0,882635188499947 
0,0285123499637083 -2,53486502001113 
-0,256566790417522 -1,20681843641176 
-0,416440377797592 -0,534825237879113 
0,208570975034418 -0,0887297925151752 
0,414271970470234 -0,421411022196214 
0,458998199315388 0,0393040900734093 
0,348041377523218 -0,180390834361423 
-0,37380855980485 -0,691651807423455 
-0,0764760116431891 -0,0879288540730928 
0,385072003457691 -0,328581102234449 
-0,341219145920277 -1,36701753094196 
0,0338539477376503 -2,1265649174774 
0,520686342752552 -2,18411719178305 
-0,429512781172884 -0,766972799039517 
-0,417269395119012 -3,40033460656922 
-0,0935349445226984 -5,17357093033033 
0,424910033461146 -4,81558500925173 
-0,316614288204662 -3,07316989946801 
-0,344680412794953 3,01150439535527 
0,166177924859599 8,3581179268428 
0,203882571937113 11,6282244405692 
0,18312534237024 5,63956019450597 
0,740390042141544 -0,261970671796643 
0,365199805961646 -3,40346111995608 
0,31412772010659 -7,89282253659584 
1,41591393406666 -4,97298017305545 
0,983487843495355 1,75802593830867 
-0,0365644554094275 -0,941252371195561 
-0,294327482372837 -3,64792822499248 
0,134781926966916 -6,27537195437667 
0,176905069198762 -3,81947706373718 
0,178131771428285 -0,699144960192053 
-0,484800504473299 -0,708678748463956 
0,466582260944709 -0,556023199695416 
-0,00811265422853106 -0,287316772689653 
0,474071233861463 0,0946508913536168 
0,494826836952425 0,155537719801255 
-0,355528188681359 -0,24849738529549 
0,479111432237461 -1,82040752408644 
-0,216588374933123 -1,105771511314 
-0,373537266391085 -2,39229936135654 
0,146587894148345 -1,39286309510887 
0,251864200384389 -2,89332941139645 
-0,286065778150374 -1,81646804666274 
-0,1705101021093 -5,30563755305098 
0,0409944745402505 -6,45165256614559 
0,550449818314545 0,489943463350787 
-0,0113019713636038 3,26517270645288 
0,00702470879465235 -0,913381895364577 
0,609236604750757 -8,5598078126001 
0,341027656761149 1,30963603689747 
0,225125082531356 1,50714948335082 
0,69785535657756 -4,74601353813198 
1,18290071882455 -7,6176119919802 
0,403720800629741 -0,289099485119382 
-0,100457955891989 2,15767943772346 
-0,473506670729966 -4,7246563626548 
-0,311937864031809 -10,1520207473682 
-0,295576193006169 -8,07715076544005 
0,225828997350662 -2,47169032186202 
-0,42902495616683 -0,318315778780993 
-0,422339953376315 0,00411945840366331 
-0,458878039091816 -0,63284742422646 
0,413166449769062 -0,204628224724185 
-0,00383786786282528 -0,1487085214564 
-0,149980493461483 -0,775114821883382 
-0,242322523658125 0,0352255202518748 
-0,229729193584485 1,12915963378069 
-0,066049810104055 0,614013613754795 
0,0319701268235396 -0,500925380857645 
-0,220785744496306 -4,61605625325384 
-0,139490151677862 -13,0045977563814 
0,0952870572570488 -16,8258580109021 
0,575289496218429 -13,6000518044763 
0,0285520441292812 -5,32516697742244 
0,202188874967118 -1,92578289594941 
0,124057211795162 -4,17132407305085 
0,584932801100212 -14,4456932056665 
0,387995484606984 -6,78287825324627 
0,594660734705379 -1,48947605912269 
0,648786145028372 -2,97853714624478 
0,760374335234047 -0,325351396734584 
0,382273173956552 0,165521662665762 
-0,294200623940647 -1,1453053840396 
0,306954377350506 -5,491671750985 
-0,0432530468305481 -7,61509918123932 
0,158700880397603 -7,97840814200042 
-0,169279688771602 -4,96787732348533 
-0,0101751208937779 -1,40195166085514 
-0,0491212074433555 0,189297807255456 
-0,210957670379847 0,195265040516489 
-0,213131052096824 0,159120520684808 
-0,291367030896786 0,500777716559793 
0,401423894410387 1,88266888553853 
0,463518012568504 4,03857242665353 
0,34566372489761 3,51419250358867 
0,258205676198938 -0,636656302354078 
-0,0367821774037559 -2,13028289690396 
0,20705327454025 -8,48288845015451 
0,0200657725224794 -15,6568271896369 
0,739455724099331 -15,6465453214549 
0,229749126099756 -11,1707398129326 
0,327994759169522 -7,92742850590944 
0,514194650580443 -0,540889478301537 
-0,17201960220111 -2,07583569203083 
0,281445608776173 -6,29917678859821 
0,41066654115497 3,24192046443654 
1,29246913944555 1,91010747668126 
1,25205199275518 -2,83749748323956 
0,309871934705105 4,4453316349693 
0,0510012123795282 2,64231337421665 
0,161997068112745 -2,87759420535635 
0,572805162766169 -6,59339859726729 
0,496125263369371 -8,21546264534554 
-0,460761977856926 -7,88327391334046 
0,129504466261327 -5,57590883700501 
0,265198721557108 -1,50055183209954 
0,472301811581108 0,130070973490019 
0,263295397057526 0,0320951830735063 
0,160828444529109 -0,245963713021408 
0,254407669442156 1,12924460892672 
0,422182808279704 2,4481937840741 
-0,474626555415417 4,08432424886374 
0,545040036722616 5,23232642107217 
-0,258968696573676 -0,452615237515222 
-0,262901684461361 -6,48911629551799 
0,475505786180144 -10,2647783438953 
0,188180384381512 -10,3926212241265 
0,574795930453758 -8,4289287207063 
0,595266175798859 -11,4595917769086 
0,5759975357633 -10,8610399294949 
0,664786471151897 -3,26537825323415 
0,469041004783385 1,51136068063249 
0,693657652371201 13,8719898744481 
0,59224335873004 12,0405631758879 
0,960732618709754 4,92193043670384 
0,29636582569839 -3,26573298650401 
0,439790134230508 5,63870174705407 
-0,0772956105855532 4,99626136375405 
0,0456512742402399 -0,101572516196082 
-0,367992140987799 -6,77117206903471 
0,035986853247525 -10,2351766431427 
-0,0867142074269548 -10,494937409651 
-0,154587632710425 -5,69880320403192 
0,453939989428442 -1,1311158095698 
0,502738569723791 0,192372088280082 
-0,203627056345166 -0,309483636214718 
0,146299350641839 0,151647572578116 
-0,45742597335715 0,172173608185064 
-0,0644465841794332 2,59522075121057 
-0,0740039985749572 3,40534355435094 
0,14959693370707 6,40524857124302 
0,0339843930050483 0,837391053675067 
0,362256746182459 -6,16184403820597 
0,542152751052302 -9,323772437859 
0,104628380283346 -11,4641146357544 
0,0902574467300919 -11,6224509425144 
0,237530527258636 -14,1710516443272 
0,199329631590969 -15,2604674920374 
-0,302518770751831 -4,25957288388462 
0,359242574797501 16,7836647626886 
0,351446649311932 28,5062798331794 
0,492259347147522 20,5066948548548 
1,14696946451525 5,0498037024607 
0,272041386665858 5,04550644529653 
0,104872912756065 7,40406950531922 
0,358061525063187 7,82515176117268 
-0,00321692215724662 3,12979152859144 
0,340864956051928 -6,77477886943998 
0,251129878164975 -6,73831235008494 
-0,361818308627427 -5,77596416449504 
-0,397729533420482 -2,44091673716681 
0,191518297218815 -0,999025119335543 
0,0196014417700692 -0,242407044990591 
-0,242176983154573 -0,590504624366842 
-0,0402537613777654 -0,426399875831769 
-0,341171260748617 0,270433842492383 
0,369253468191812 2,76056681000315 
0,498080382641935 7,31078813114718 
0,439163126738581 6,01703814372811 
-0,181042086709485 -2,47820386462124 
-0,189010450921842 -9,42106446430365 
0,0950066565982743 -12,6563203440882 
-0,365480370427053 -14,5889558220476 
-0,0231192578685797 -18,1924840399832 
0,667725301224093 -18,7934264430285 
0,05787898179931 -17,0489785586275 
0,470433391454417 -2,95700095423223 
0,838945171590888 21,9945720415036 
0,779606222755332 23,3852312965139 
0,439107433927606 14,2008769965717 
0,458161548942441 4,16459054581684 
0,0721910628319323 -0,33821419705646 
0,424509321596107 5,67503097666328 
0,373052636968177 8,97842803780253 
-0,384659096627716 0,00281323674235992 
0,293606074405737 -6,17402767383112 
-0,209622408057518 -6,37370191716926 
-0,0666692509788136 -2,08488117492019 
-0,10211129995506 -0,875715884601218 
-0,292055115351168 -0,219819279713013 
-0,298444027527073 -0,760916016541098 
-0,0803285684205884 -0,162596270452458 
-0,418686537255806 -0,252140920523673 
-0,161322417435613 0,0488043608902619 
0,428361742030022 3,11823847690714 
0,0700082206223987 6,34402733503717 
0,246660970935093 2,94767947188581 
0,372396736228064 -6,59916035985814 
0,0421446275470318 -14,2573754609758 
0,304500424795498 -17,6120286044816 
-0,31440798370707 -19,1615440703176 
-0,171090033918467 -22,8120883409647 
-0,0896918815584154 -27,8566684225075 
0,535419866803935 -23,857886459563 
1,07579573668703 3,48566950396534 
1,28400926578664 26,4479798276557 
1,15751742188221 16,1173694573657 
0,14430504163876 -1,3213736564708 
0,562857512802969 -5,99499951086365 
-0,167183269980722 2,94914831625039 
-0,324859044534233 6,92505187013815 
0,445722841800653 1,99350731482542 
0,0213704965923071 -0,316052517021258 
-0,188374174009278 -10,6032208573626 
-0,236040559022667 -10,0350667904134 
0,147640713128252 -2,66398125417665 
-0,103832757310852 1,30197383732631 
0,127783098867503 0,00181065893507544 
0,393551521764947 -0,103119168776525 
-0,0699276162006135 0,108557511236844 
0,340601758216152 -0,423515513839457 
0,215110362286331 -0,395950260988656 
-0,366305412231848 1,48845538230247 
-0,192532072795682 2,77397384855942 
0,478196094284926 -2,90352761252025 
0,611259858861849 -10,8097477498986 
-0,39236824077924 -18,1737898458475 
0,142978986898198 -20,7494471780463 
0,419179276462081 -21,453441832679 
-0,00346919676171129 -34,0223655560343 
0,612219715380308 -30,3270763095742 
1,04756880518586 -13,6041915963289 
1,6962523094031 22,0098065737322 
1,14751617004871 34,7148022472984 
1,1539425705569 12,3660750433381 
0,205492390248252 -8,04651176011534 
0,200065191854277 -13,7880975376936 
0,264069559097809 3,46373965516243 
0,0811190633298301 2,73277026302778 
-0,325413885601262 -2,6648513546842 
0,0594529159571397 -11,1812564976349 
-0,0814525152555543 -15,279352731154 
0,0644041934323662 -15,3828261154078 
-0,411759629119566 -6,36227165858535 
0,487580246408541 0,220634847513496 
0,264712892693172 0,253824123967006 
-0,189429549712727 0,423700814169094 
0,395628268542326 -0,200744321598014 
0,0515751913608944 -0,412009360770476 
-0,149143013346339 -0,193592780244641 
0,331652860335112 -0,147447774099459 
0,0324878094715493 -0,202026997425547 
-0,40330542880634 -8,40846809615942 
-0,366350559869799 -15,9975819989566 
0,267147857707402 -16,8179465618521 
-0,0203226402769487 -19,1822682792033 
0,536935923368466 -17,5193055049716 
0,62993203296645 -26,8875794686222 
0,596320274445091 -24,4299568695358 
1,34971000015363 -5,65119370926953 
1,1437811580906 22,9508124616475 
0,615976983158232 17,345159654057 
0,910616281928434 1,91608975668393 
0,628641652052876 -12,532082889925 
0,172804881732933 -6,68798274485463 
-0,12980340223793 1,90595502144148 
-0,187786243377316 -6,2582859603389 
-0,230509682279897 -14,1136254318065 
0,11706177522343 -18,1991113644469 
0,284950034529051 -18,7780857260091 
-0,368645217771632 -16,8076468888823 
-0,0954759479459383 -7,1745481366318 
-0,165211283106984 -0,182575385267791 
0,447850559671192 1,08100020392499 
0,498799665950967 0,271634788491754 
0,124791108751558 -0,239813507278231 
-0,0025540030656954 -0,302002958615914 
0,463126936148301 -0,463152746154864 
0,484298597072153 -1,75884026028703 
0,290470147175267 -4,0413640110154 
0,335572064978641 -9,68409428126309 
-0,163751899252805 -10,0624049956575 
0,195220406229474 -13,6783773837909 
-0,291247795275693 -13,3305398084314 
-0,116109185952062 -14,5627706901312 
0,186519448323442 -18,369177154127 
0,608836998365905 -11,0295163215387 
1,38300578819695 11,6769340212483 
0,823270423801491 25,1235718530743 
0,951453690364843 12,0405352486944 
0,506243153800443 -5,09776305857433 
0,368308413651638 -7,87979861347936 
0,171549318325909 -5,26957464959805 
0,359272439911764 -3,0248761781805 
0,317499508678114 -10,3335968575044 
0,0351185169681689 -15,5110890270669 
-0,183766555668148 -15,995319485475 
-0,362473608237111 -12,9774633648105 
-0,232187312754009 -12,4527936592957 
0,0879726013558063 -4,77458784278157 
-0,136622714738763 -0,872461815893878 
0,117089889866616 0,447101540014003 
-0,123755629913613 -0,173409335387337 
-0,288869836677284 -0,323418905977008 
0,10416061998822 0,0116070078357803 
0,480805577254187 -0,251454529800327 
0,157949683573435 -1,65850328594575 
0,439103098124151 -3,2317268353899 
0,576432208567475 -5,37997004757591 
-0,144905180970192 -8,06442416832352 
0,205699596048914 -6,503663556849 
0,43554086638952 -12,1862194216381 
-0,0362029161730634 -16,6591339995402 
0,858137307994296 -16,1303884728855 
0,626361719560729 -3,22049992157097 
0,697830674539385 16,3158236708278 
0,879577277613054 18,7429936649047 
0,56094161585976 9,64184029588695 
0,54569630842027 -0,777978523009444 
0,297919323902656 -5,54680700057222 
0,288710494311652 -8,04660833182139 
-0,109869923293857 -8,95526256132613 
0,648010497146032 -11,6068570755722 
0,115939152563302 -9,19077176880842 
-0,0617887797495449 -9,86620558747925 
0,118850459724947 -11,3441050386903 
0,0759935322784114 -6,53231067762951 
-0,0113687803018916 -0,550233703627761 
0,245715542182957 1,46502848947274 
0,504461511905877 1,21717084291688 
0,23753546763235 -0,622722465618441 
-0,0710627359154614 -0,49565534589603 
0,215134292927283 -0,319140110949755 
-0,0242791009856255 -0,134126673104037 
0,0357582550922045 0,578953278676878 
-0,303833833169641 -2,36959149591093 
-0,01841935689351 -3,52186078708689 
0,0832135110038753 -9,18915289974544 
-0,0791226592013088 -13,1195497872873 
0,088892114798234 -10,2213612298735 
0,648032179157361 -11,757275902858 
1,05337754187487 -12,9032865584222 
1,24244501719909 -13,419861221746 
0,642293147332008 5,22451176616852 
0,109806604048941 9,92819437436943 
-0,161498620367628 0,151294878299578 
0,243257206020348 2,82622950715937 
0,195459464669725 -1,7915178052991 
0,544893458851121 -5,70863100654016 
-0,192921710132608 -13,9957749187984 
0,5921247629055 -12,4079328161086 
-0,17697439099896 -4,28254210391936 
-0,201446396242602 -4,28954939475358 
-0,323877384028392 -6,55782194174026 
-0,241210772602163 -5,32062380143344 
0,240310252718412 2,50273115892649 
0,281232894446624 4,34262520890201 
0,510583019079375 0,613422775833293 
-0,117594545063405 0,0785102362051446 
-0,0260830622509875 -0,611891181696104 
-0,0970956607703239 -0,163103512505651 
0,214871695369733 -0,577335640193157 
-0,0193246597100728 1,71813716723796 
0,0201460156123745 -1,66132843973866 
-0,280794388239228 -2,5338621804418 
0,154632032899712 -7,12655530675635 
0,489745970592285 -8,07203204346991 
0,614911329866181 -14,5863855625707 
1,11027980542917 -15,0769376665446 
0,925628984707832 -9,76734130959454 
0,83007690966784 -7,62651225768685 
0,86149571947418 0,454006255343468 
-0,168515637072136 12,7163057501893 
-0,0380307881976238 3,98402466423048 
0,237449736213114 0,484389420486994 
-0,0331513706213659 -5,87040941728057 
0,0505700788500562 -9,95763396061181 
-0,250164262208582 -13,6404410947136 
0,416512252829076 -5,06365051137563 
-0,334754728083869 -1,07578409530397 
-0,088373702739411 -1,80323792513134 
0,543394843250433 -2,44175328356406 
0,081991699631598 -1,98648195423637 
0,456748646489884 3,68218824517058 
-0,41333164496741 1,65994484329198 
0,234666812542382 -0,346337493665068 
-0,109419410425784 -0,278910425155336 
0,173440783230543 -0,24200709727679 
0,418393759811291 -0,216683103652191 
-0,173031097773615 0,142939281889743 
-0,0571135719361566 1,34184474527741 
0,357359760585843 2,4620329162844 
-0,477120607136884 1,87958338129264 
0,500210211252068 -2,62832153167223 
0,445403094569592 -0,722068379360578 
0,421642222487989 -1,3565025954852 
0,600228337931147 -11,0691656618278 
1,09679848136517 -7,82485854341003 
1,0314454781622 -8,25514387852355 
0,386105798544065 -7,4659631069146 
0,276796436582301 -6,89300301408271 
-0,397524627057692 -6,20924724440672 
0,729713267643613 -7,51452712854772 
0,5668404696419 -18,9383293363096 
0,00931457257265542 -15,757588495331 
0,105747179804403 -10,4320414574029 
-0,0707726337337 -5,52458628990538 
0,469305990009504 -1,8720586538212 
-0,235668088105899 -1,46990993904239 
-0,239752744541054 1,53595063757244 
-0,0358437286201286 1,35463816406746 
0,513295395402067 3,2163957770201 
0,420238103746953 0,264651164440288 
-0,470714106698331 -0,0783797983447419 
0,28810770000054 -0,603272243086285 
0,098106867078959 -0,35439387113519 
0,397372544698858 -0,324384701613012 
-0,231006622812699 0,372324834949261 
-0,252144123090712 1,43497307336983 
0,371924201980154 2,18424612232709 
0,404394155361403 3,22514906836032 
0,0322249197110841 -1,39952178545902 
-0,197851921850043 0,776816466177607 
1,12313993648707 -1,39701221241979 
0,733522503496358 -9,33991430289203 
0,655665910605961 -5,42673359762388 
0,0685169510611181 -6,02792019728498 
0,27381025325774 -8,11655728902045 
0,371505507752043 -8,44182154502279 
0,339573326692278 -6,55012823927813 
0,741556128532844 -11,4373203048475 
-0,0434003824987783 -15,9780886565319 
-0,287226176310654 -15,7764538962505 
0,0125301953366086 -14,6190864971522 
0,462242927532326 -5,16652651776542 
0,334409456384545 -4,76951250565366 
0,0912294245022831 -1,70280491627063 
-0,300717123146074 4,85462519374672 
0,134244208415405 3,77165922405594 
-0,255135985160675 2,05070366279137 
0,104783157143251 -0,451187595223715 
0,477245364078788 -0,283792994233748 
0,261379090985841 0,200024594504199 
-0,439474706253029 -0,523605842321852 
0,466169315475425 -0,0232209703852488 
-0,392800426853826 -0,13071669440073 
-0,198419912363867 1,36740218728414 
-0,183804319847143 1,72535058444246 
0,316933731779569 4,96883550780718 
-0,263424141335534 2,64285295185554 
0,71614234357758 -1,2124842075972 
0,547181624300955 -1,87817965412283 
0,433138219524 -2,15324966762366 
0,0600159217181854 -4,66518387046503 
-0,0948615667208042 -3,90404671833895 
0,690329438054052 -12,9464020225057 
0,261554694805764 -23,1928109911411 
0,409479365648887 -16,0457213154098 
0,332740801055158 -10,9883444521368 
0,203191451369402 -9,29299758793613 
-0,342247149512468 -14,2742383168137 
0,561338235974319 -10,2116502852631 
0,5517765010046 -11,9596392412608 
0,354394680483847 -8,76475930569536 
0,36785500573871 -4,16357047036798 
0,197501641629771 4,18162372658369 
0,0946519631816862 2,34072046463188 
0,069959915344468 1,13598227079126 
0,503913515183082 0,595957416402982 
-0,451397251246078 -0,147586708024674 
0,279885280228188 -0,0312080232344855 
0,181810052499708 0,171431576046906 
0,317212640743991 -0,548038509755203 
-0,350393927599319 -0,571961663110432 
0,318554563764819 1,34771819806209 
-0,435766066377712 2,51736183530263 
0,376485929954093 3,98391674533149 
-0,329897895954636 7,74240873089789 
-0,0766359348371941 3,80185101886412 
0,637952363726612 -0,849605234086841 
0,630217125000728 -5,93631467561767 
0,081486534744208 -4,20728188710464 
-0,15917443852846 -6,29067546688331 
0,0132688438570385 -25,2319299492615 
0,63902765833583 -17,6166379452541 
0,69986589637536 -4,57476965082198 
-0,0159992740169998 -4,96275682555731 
-0,031267879608472 -8,52862171368001 
0,130230977102652 -11,1783108914 
-0,0309487668546835 -12,504284041566 
-0,369611154785575 -10,4811601980614 
-0,283353789694682 -7,93434997870823 
0,153722774710322 -1,36596609170715 
-0,0282602392745816 1,34835244289598 
0,447489267201196 0,389971963840532 
0,114782511823987 -0,183862105916749 
0,0873098821327791 0,049251668936006 
0,191174634122543 0,297307430897158 
-0,383461158220261 -0,0204938134693707 
0,037716728052209 -0,559558677682384 
0,401797509338828 0,0349535905640063 
-0,213636107082045 -0,0592396139951484 
0,21003627562475 -0,493409285500253 
0,0775608615777965 0,717852611572923 
0,347874491756202 2,04641632879731 
-0,16316891578669 3,94876146898028 
0,637162981322121 3,33012896125822 
1,13180974863089 -2,46275369444611 
-0,290181267632312 -6,83162077340522 
-0,162171360306812 -5,78244921006649 
-0,318122125052687 -9,097704628073 
0,0208996773886476 -12,318241960575 
0,495332761532234 -13,7381098531384 
0,083688807872238 -4,05869865571035 
0,0824695883552197 -4,19657671822046 
-0,147969946015072 -12,6261560907892 
0,13997826854735 -10,157154878749 
0,51555947771061 -4,85305676588862 
0,0473637079012282 -7,31198072474422 
0,0843823986583126 -1,68611543354161 
-0,0581698552761361 0,324278994223981 
0,141212116123397 1,20958987044111 
-0,0591313548229123 -0,510497281061026 
0,161506105837912 -1,40465883388297 
-0,133937619757146 0,0737257836586348 
-0,205377633609618 0,0964218737732327 
-0,131235973639773 -0,647689856825188 
-0,46544391371076 -0,721412197491751 
-0,124324562220769 -0,4650541587383 
-0,310667040600939 -0,727049173567713 
-0,192606448999929 -0,0976475126214474 
-0,124250379944487 -0,508731368166726 
0,200751633065801 -0,117812649678509 
-0,0352003208150688 -1,65852572154914 
0,0139781783419406 -2,39919034564075 
0,0134754459397228 -4,23283743849307 
0,384522608180507 -2,08647108595499 
-0,471382821726547 -1,41264192026154 
-0,258264429948803 -8,41388598267639 
0,11812826782365 -13,1227559357786 
-0,359079306521142 -8,47549442008838 
0,233284803614487 -1,69035504882992 
0,173007710061403 1,27528815023538 
0,0675300897695918 -2,20725942261038 
-0,203704741155248 3,68002327346047 
0,446619121595635 1,00271471277271 
-0,228547740168872 -1,89269032620355 
0,410625973968181 0,936282199103977 
-0,173672569009906 1,40880998484559 
-0,110084962021455 1,85421108812263 
-0,29904698382435 -0,178225043491353 
0,182971252229972 -0,0654765027216931 
-0,296773991921914 -0,256309834669909 
0,324932453615479 -0,582646660382412 
-0,39927777866312 -0,220713475290945 
0,299884524666866 -0,74325775895413 
0,224487249709177 -0,453313501697572 
0,497435657718579 -0,374879008555042 
-0,405131844058242 -0,0814928849511003 
-0,0201345081811818 -0,528376810653589 
-0,340943788883024 -0,673414835377526 
-0,381323414580383 -0,414184722523112 
0,237065121305261 -0,833290216681447 
0,077767893908599 -0,476472735487268 
-0,17698887920391 2,32241954564757 
-0,289649487564843 6,01828676222208 
0,508885956857088 0,298666097607008 
0,277003982515275 -0,753836555808373 
-0,18313012547272 2,25054885418857 
0,0601508837371722 4,69415570762245 
0,202255468229629 6,70573712323541 
-0,132477112242377 7,30984159252593 
-0,386293852336473 7,77800985148352 
-0,038819218289279 8,0644592031938 
0,0297169201858761 3,63513258112862 
0,195621302901437 2,70308814487412 
-0,341508034950462 1,29347015130716 
0,226322293490524 -0,919988653758172 
-0,226485632673129 -0,787359406432951 
-0,453799688857933 0,0587384300082251 
0,44412761312664 -0,327316522335693 
0,377681065266861 0,0893537391719727 
-0,139198897140443 -0,5908116528069 
-0,460515437531309 0,249678410771224 
0,111038900363029 -0,429857635539817 
-0,363172684634435 -0,474079919668811 
-0,325995454079769 -0,330887323612337 
0,0533917702527178 0,15468423564619 
0,2154478261446 -0,209498222741637 
0,0464654314025614 0,453411601518617 
0,436929794170383 0,108836009080561 
0,392790135136644 1,17223263736051 
0,0865097135881194 2,25717847568506 
-0,00195683911093978 3,80718348050235 
0,511339811602904 1,59001418397388 
-0,0803820184661453 0,960837354943209 
0,290855349070057 3,34101715297691 
-0,367417828073043 5,74887695087164 
-0,101811606612487 9,46419250987527 
-0,179627037995336 8,55935013441082 
0,360590553500883 4,95040367819338 
-0,147448927797166 5,01352614652246 
-0,0944288085448723 1,60112547475331 
-0,00178236717190323 2,02777303379369 
0,142869053346926 0,953226933439574 
-0,0386108213242168 0,0502346140327791 
0,0264051890622043 -0,571642923725682 
0,411843675271605 -0,445435802594424 
0,0572396948781903 -0,671162882601388 
-0,217139521383995 0,0643509995213205 
0,187543390271257 -0,532107470273957 
0,512059879127209 -0,698272485080239 
0,427420168713612 0,170954282540407 
0,0141016234292487 -0,271344282725448 
-0,186835876887838 -0,454784852599086 
0,0356985092518553 -0,538792132609284 
-0,326398361393226 0,459771748004013 
-0,470483418067863 0,42176590388758 
-0,19458394560643 0,016916747717905 
-0,0908541072417097 -0,497581007033268 
-0,437837973837896 0,182680240525982 
-0,306935568240553 -0,38656555151558 
-0,387799122021073 0,89815174096062 
0,203419122967857 1,51434006014351 
0,296898938461981 2,28720640998221 
0,213730641083093 0,58708608775071 
-0,262628652011562 0,614728415895027 
-0,230789057702305 1,67242585404696 
-0,0418114009594435 1,54085311775002 
-0,206267323296867 1,21629263204645 
0,419018115271821 -0,437470984167347 
-0,0603068874360347 -0,397450563722948 
-0,19870091090425 -0,510655985036597 
0,153696937388079 0,164579174010226 
-0,326810431975655 -0,327384677566178 
-0,475582419785261 0,11249948956661 
0,194818246599884 -0,640369743341688 
0,277270518237601 0,168507819673349 
