8,84609209524969 -3,83688422508901 -0,102566452101735 -2,54667749838043 -1,73831608440838 1,29063592094009 -4,04689368289933 2,88797290032302 -0,510110441842615 -0,202351084337039 
-4,09604046987677 3,96383254331632 -4,71768911720384 -3,40503325648404 -0,87336513167989 2,9146771083444 2,06888696526889 -2,01668011703234 -3,33696607481675 -1,73142939554407 
-2,17567864491752 1,38074223445181 -1,31063631982511 1,56425686684891 -1,13015267783037 -1,57964499965054 -2,81131713809036 1,20002060982197 -1,00497734954282 -0,871575811580929 
0,909906806635109 -3,43942348996993 -3,97901965167718 3,86037362137879 -2,70303691760334 1,99453797877503 -4,74711330193513 0,201045003673335 -3,1618892019659 2,4281551211217 
-2,42902421838549 3,44490759623174 1,02468863560346 3,78948308230716 -2,22444136411107 -2,61645814238293 -2,69445714351918 4,47913536975481 -2,81713223114614 -4,69655873883946 
-1,52531845083938 -1,80856370028869 -1,95076667801152 -2,08640295146912 -1,81905841344667 -1,93024168071401 2,8018056241828 -4,08376634471269 -3,05803474243601 -2,31435223818503 
-0,568271596975224 -3,80973354413472 -4,9638079760415 -1,48290865989978 2,79613987990914 3,50889513622692 1,77445557587852 0,209672928617108 -2,12264149746391 -2,22834277090464 
-1,9320946239873 4,41205010209529 -3,33203766165215 -4,25635736400787 -1,53187505657197 -0,502388840889135 -2,39739113466491 -2,40828683568905 -2,78698507120716 -0,522789035050016 
-1,91314344393682 -0,00983593941406894 1,62299317476003 -2,80249304215092 3,44927992437611 -2,71932888444882 2,05716630019167 4,24625208158852 -4,3064017799288 2,76045155424514 
2,16144689162657 -1,75509095687247 2,3816466513016 0,249240820911554 -1,82444914823708 -1,53728856951985 -3,13845337208916 -2,61707511404678 -1,75542471557292 -0,669661716226383 
-1,7177538981108 -2,20068577889178 -2,82804769906904 -2,39485544895064 2,39578439151921 -2,74479956098516 -4,54631373572224 0,633495224891481 -0,842276062484256 2,25258431119695 
-3,64709414499939 -2,25352279887364 2,02498365049906 -0,218475559976162 -4,41342835490461 -0,271297871594595 3,54704589297078 -0,970052188829208 -2,17821887709269 -2,30822571898525 
-4,79745797742684 3,64278927499177 -1,82472237751427 -0,587805480279772 -1,20446545664208 -2,38687130367198 0,235654847031271 -3,22782213204138 -1,90024740353087 -1,41304262342652 
-1,58779886598326 0,776555617920069 -1,51005446722687 -1,83536722739977 -1,1656459966218 0,641519230335675 -0,820280518754435 2,11480420487458 -1,37300272741159 -1,44240654452127 
-2,01435962661355 6,50254805487151 -4,80348728019214 -4,97835016104491 -2,38680792195622 -3,22932711872056 -0,964044191682688 -3,0814029510891 -5,0792674140683 -2,6011818027245 
0,958154163588835 -0,131422166191808 -1,06370822406017 -0,294605053519664 -3,18819442594584 -0,102283188231332 1,0328171209977 -3,54847910672889 -0,34277701183036 -3,20385129406703 
-11,4941105767125 -4,19163815525828 -4,08893115053622 -3,9808301259618 -6,43924255815394 -3,87742448148985 -4,57954995463857 -9,54790931968209 2,08526998612636 -4,29524985095727 
4,93219251964849 -1,14770427953486 2,59291973203333 -1,81887058958716 -6,06411127110232 -5,4914912848851 3,28623283440877 -2,49293577023875 -4,46388309570967 -3,3624295785833 
