-2,58608098932872 5,57432798118413 -4,90153216900002 8,9535444568299 -25,8653124072207 6,01555583114707 15,6787475115952 -2,7713987112644 1,49154883543119 -11,3202467889803 6,08111476203287 0,0308904546656686 -0,259816972352413 1,21246483910543 -3,10494146208324 2,34330056848028 -1,14721512849732 -6,20747871674147 
-0,694621878852062 -2,09536258724009 -2,18608589455679 -1,78323666025283 1,25582254024522 6,19485833112893 3,17454420836929 -19,5157049685042 5,75945261618808 28,6468079734112 -10,9328960908892 12,2011761582558 -6,20418052025511 -1,23632427469652 -5,89620098560896 -2,8158430837781 0,839941764170315 28,8794772221079 
1,54994804659506 -8,37044630146286 0,435644870567047 -8,79508172836096 2,24694024547819 -3,75406390619363 -10,560183112182 -16,506072716764 40,4129234769436 0,396126947331732 11,9323972429997 4,57518956727222 -7,27087529185196 -0,599904221090337 -18,4725968859563 -6,98497637174247 2,86650194850272 -4,0528089010467 
33,924627256565 -1,60271995410634 -1,15875739688448 4,03897796181322 -14,4717849671317 -16,6041197449187 5,7165628957793 7,70153115418926 -2,8159103327825 -5,02626773207202 19,5350391495647 -33,5247189671892 -10,0166234565857 -0,625472045236971 -15,6973887865502 -7,26890951584377 0,329928008828265 -32,0660427508145 
-0,0810898736145786 0,0898045537630896 -0,476691877074318 -2,4785190953762 5,99156103509981 -8,33127765610611 -8,52616779599207 0,894251433027293 -47,2477311647312 13,006348424166 -21,1037809658116 -3,01866232490679 -3,77087422757323 -0,991337248431303 1,02877216405124 0,387349244357954 6,22006527113665 -5,94583504138099 
7,1748414866732 1,67581612392956 3,89382089277569 54,3854247150347 1,10692408195313 -11,8116261684422 -3,96109512208139 -3,97973737657274 4,43965802254262 0,441547010993568 6,70280664372922 -5,96522718768426 -0,597265613891521 2,81272224241262 -9,91437085331625 -0,0942777163030676 2,11856386989933 -1,50893962352192 
1,44407474294034 0,186922283631232 -4,29460313222389 -3,53561883011262 8,38088808935685 -9,78733359531697 -7,42528527495562 -6,68257553232629 -3,18701213982725 -7,00506783699336 -10,3714207790377 -5,90440404107246 -1,42771209728482 -2,34270498010107 -1,12728850043506 -5,18043103347024 3,95480016442203 -1,30292273327988 
-38,4230030145653 1,76909149572805 0,803284461054958 -0,0377936710852433 2,81741727196024 -5,92021192423833 7,52873307853349 7,22945814721022 -0,495421283055017 1,27333687318848 3,69987248993693 0,623296941660695 3,17387485489368 -0,464154992204639 10,9263020346222 0,105698538721268 -0,656009002944896 -21,1829117099081 
-14,6198559106802 -16,1274875576239 2,7672532546392 -23,1460674293212 -0,882854668101068 -12,1761340812333 -0,656414150886973 12,1556322378825 25,2030043180576 -25,9393183402748 15,7955881442718 -13,7572127847982 0,905125042485983 1,16836506069378 18,8718902306262 -6,51115556180111 0,702886501053384 -26,9781884428781 
9,83867976603599 -0,674253289527402 -7,65547637088956 -10,1978259641993 -11,2684296565118 -0,133674109073026 -13,3411190493877 -9,09879871027805 5,72234867863406 -5,44640626930206 4,29038930034932 -5,44759844191277 -16,9238366005197 -2,54843330804627 -14,844433665968 -3,87808036805723 0,936164559886586 7,82467446047838 
-20,7969930727929 1,34752675627292 2,35602725404731 7,1812031433796 13,4791833336461 -8,95843397709156 9,76686729607639 4,15093496517972 5,55243116891638 -5,55780463409249 -8,85781179785279 -3,99198445315996 3,884727746291 -0,684045461914988 4,19990437745193 -1,93223016907485 2,29940720418678 -6,46482069243151 
7,26410373672616 -2,47866396044969 3,24667751901433 22,387940733634 49,8368738539783 -3,2833910387023 1,32138051047047 -10,6581718309664 11,4969351435023 1,24106514898135 -0,298722886519518 -2,81022679188787 0,761869586456566 -1,89155179055888 6,77370832131446 -0,269974771655658 3,31992552512261 -6,13258015557628 
-5,06198729925538 -16,7302906799909 -5,02553567940601 -3,25552608976088 -3,42507287558547 -4,18536814951689 -8,09085694267326 -10,2035596031991 -7,77825895283594 10,3531652736135 1,76143153043793 -4,87480290537942 -5,591376982017 -1,83731139994784 -23,1259187002882 -4,13078628327583 0,210065707181411 -0,752401468466664 
-2,6952040833816 -0,680857894415166 -5,32169989131126 1,30542535169344 3,76891350578421 -2,07152148588832 -15,7512507068816 -5,30648401749194 -20,8253982546682 -0,427629562950663 -10,8436679858359 -7,38742946217135 -4,55806579608683 -10,3271078422451 -10,1306249417298 -1,23511941601051 0,459438805409056 2,31663069981475 
-3,20283974789334 0,566033862079615 -4,39987455979948 0,635976531545718 -13,8435670015185 5,26251041703716 39,5175509627211 -4,42197967520489 -2,87419930343846 -31,5449138772957 2,39644696788282 4,87855431888083 -2,22295798045137 1,23180913454403 -10,8415473321425 6,94499223033289 1,3082895410555 26,5966953872847 
-1,2830147206893 2,1219802605627 2,96988548015416 -1,7431457074932 -0,404075392875215 -3,00995557785805 5,03796903976124 -1,10129181871224 3,06131423447936 -0,11695927654222 -4,83702867216874 -0,131773127382632 4,54851988356496 2,24054427109932 4,33746003838227 4,62805236639803 -0,883097062826659 -4,10798695544741 
0,151115760356379 0,719408448132636 -2,55152733023305 -1,26726935634587 4,26948556554629 -3,13188576862755 0,467321074437986 0,416488353762936 10,3740766684811 -8,69483140666364 -1,26572840584713 -1,52491173520064 4,80997838866626 0,162839459891318 -0,182741544702546 -0,891535399139437 -1,32130595517988 -7,9225069016476 
-1,01822812695887 0,262335783287245 -3,67556581204973 -6,68977044459813 6,37937985648846 -4,32577563616417 -6,24064061245217 -6,76896687650461 -5,74447834882912 -2,98743916936691 -11,0408472548379 -5,52101563193362 -1,89511194283834 -1,80530727461872 3,65575741047444 -2,614733756835 2,71977549842618 -0,871938130696571 
