-0,142467464875401 2,97095975772769 2,39371464493259 1,28408162538474 -5,21880669837037 
-0,426401559380515 -0,460964461816268 -0,178143747626136 -0,70407887833484 0,0455631112183786 
0,00567709150758644 -1,16979866696913 0,344417374814852 -0,222201363483616 -0,30209273474951 
0,193780141588693 -0,939048027870077 -0,0424106581531624 -0,0745816749971148 -0,455369196463121 
0,281657073393791 -0,79117075837672 -0,536641603977919 -0,740694369730943 0,103455413296524 
0,48478766188949 -0,80681519182651 0,0918593431121828 -0,0997858506263973 -0,00957299105900412 
-6,95692491741634E-05 -0,623208593214769 -0,374009585574476 -0,218036145735628 -0,297458729264113 
-0,186593275522595 -0,522526850514634 0,234202120169892 -0,838391035450884 -0,232365780502766 
0,470581570009527 -0,666196210898823 -0,29529736942506 -0,423346333599426 -0,285718473623414 
0,394108263109416 -0,740021411487184 -0,531651530123354 -0,052438459580118 -0,622295424982154 
-0,294608096647804 -1,02564747008693 0,0428755326198662 -0,526575076369915 -0,142071363466862 
0,458877296482177 -0,309741795951652 -0,19882643364428 -0,151258727336966 -0,228087660381649 
0,204924883497873 -1,17033387756392 0,0321606347289572 -0,554609996721508 -0,443670360928289 
0,45339884103319 -0,413299195214588 -0,327267080039189 -0,784846743665144 -0,565148682079604 
-0,459177552850531 -0,790761110260219 -0,0978632717246369 -0,702320003939945 -0,328425618989517 
-0,227635428896379 -1,11338435117192 -0,00704832531631896 -0,315080005553204 -0,779955891208747 
0,0493203259185216 -0,892673771404643 0,254638351643221 -0,337594535089923 -0,204267935807047 
-0,149910848110378 -0,283594198470088 0,263084022524139 0,0639311082855592 -0,245639067142142 
-0,0523402285190657 -0,941210489505809 -0,504020620764447 -0,470407484514908 0,0734062946035142 
0,465426698625307 -0,315866918263235 0,36983115902515 -0,839780082116812 -0,228418450793484 
-0,368081331808603 -1,03050353640183 0,363713745270519 -0,307740068403033 -0,652416709533199 
0,320663375079496 -0,549656451748798 -0,144285931711415 0,0285746220529078 -0,403738940207204 
0,396772009121169 -0,924475129937319 0,226772103637617 -0,2314069455739 -0,766711026206056 
-0,0778901311116431 -1,04266028462036 -0,51972629845243 -0,210446170360137 -0,783062554213757 
-0,438497614703818 -0,293893249189703 -0,280440524277684 -0,399311785968713 -0,0417653134995393 
0,306539983712875 -0,904249672546442 -0,51257507472998 -0,635830407989212 -0,369983547889658 
-0,0872572953403913 -1,10072469324774 -0,0524781248042833 0,0532343357946075 0,0988223992040063 
-0,0956648881177439 -0,873897552244592 -0,326925065447277 -0,545281935002396 -0,0142343522823981 
0,224256854690294 -0,756818339394128 0,345027932199925 -0,39243406095291 -0,13171411765916 
-0,303353847529883 -0,785492665778886 -0,162095143461841 -0,563800567754529 -0,338006615680684 
0,332598234297542 -0,413650692446269 -0,309204138886015 0,083178362651263 -0,279223877485519 
-0,249676831567015 -0,3675730847596 -0,126455937032066 -0,126078864349169 -0,448259734641921 
0,0494242986778205 -0,654591449654279 -0,397936991993511 -0,461545939503106 -0,805784686262662 
0,322007953454949 -0,48950707776849 0,284056299571703 -0,190333454223583 -0,160349179484149 
-0,379481323384691 -0,333245291808541 0,136074168278669 -0,0563159275234162 -0,496622450299889 
0,142835189904788 -0,25643125402509 0,222512047620547 -0,127701777755223 -0,2130402692968 
-0,0834526256471539 -0,359266566693295 0,159800551030389 -0,157927486932287 0,149850901895217 
0,150819794003693 -0,404144904236894 -0,0981808017586843 -0,527644164151972 1,8227536283656 
0,0963962624102334 -0,284178230178281 -0,146841852943786 0,0428830963135249 0,71885480887146 
-0,296569662358186 -0,831419932274493 -0,112450262328411 -0,446838369374838 0,826659890978973 
0,0106892720191469 -0,48925881537883 0,12951131463829 -0,264584216842079 -0,305570708235498 
0,490399734858216 -1,09084914093471 -0,185001143888363 -0,280738070205291 0,193811351300374 
-0,168651230818681 -0,191719097220198 -0,0988429231270836 -0,757794216579191 -0,0803864209613051 
0,233617289993517 -0,81609879946192 -0,471908184477329 -0,140331247600023 0,76424777155785 
-0,444246972011788 -2,42416992534597 -0,108042829503105 0,076792796891635 -0,316606327249745 
-0,189770169715984 -1,42960217629601 0,211910263037729 -0,366757588733463 -0,17237091723766 
-0,0563984321726719 -1,38426852270759 -0,214299285717112 -0,0458646934806104 -0,0309539803930443 
0,428133239018631 -1,31400903804092 -0,477930623494361 -0,580642443326663 1,49155461031283 
0,142642273880832 -0,909198552687318 0,363481535016946 -0,483226110326456 2,21289673138377 
0,128339024497284 -1,1381078478667 -0,221549380148381 0,0370137145963001 0,236080974976908 
-0,0383476104973128 -0,471791633382075 0,157824923447846 -0,859229605308692 0,0164694807587087 
-0,0829518226312224 -0,227214930560179 0,123853865156002 -0,376834562820012 -0,658736987790656 
0,175293722397987 -0,988464015809379 0,282222011966662 -0,451122308105583 -0,223419800718193 
0,4468106546541 -0,604889382702986 0,267063678905661 0,10910945417682 -0,771523907558815 
0,174042919347578 -0,58717367387645 -0,448768344843389 -0,818326692674541 -0,0779462497821238 
0,264232102520427 -1,06507313980892 -0,490869629817691 -0,308365336959502 -0,36390063451416 
-0,271281004928162 -0,256597096498675 0,277361284212641 0,0523024311429496 -0,140304441979334 
0,232656832042951 -0,565919963253897 -0,248832166237411 0,0829931011706659 -0,134039998467136 
0,479415278720884 -0,892350716744987 0,0239245245147033 -0,683194809642325 -0,83613940681714 
-0,0443739004190656 -0,833288289342021 -0,0726752369267577 0,00790136241620889 -0,397486221580565 
-0,442073597335397 -0,978800367563817 -0,219931593639722 -0,0517039445574078 0,0607891540549227 
0,373402128169857 -0,633152664794122 0,0873544050050347 -0,643022933743198 -0,741412356944794 
-0,193360504211525 -0,353430281398605 -0,419799076302155 -0,873791246912402 0,034866252410539 
0,256382335335673 -0,88333576730298 -0,602513243820312 -0,170921652403443 0,570309448046893 
-0,162048976793114 -0,967080993585895 0,28946970014334 -0,400759884063243 0,985541402450117 
-0,106638248206903 0,263941360255261 0,26062321679329 -0,440661517447467 2,69112032006386 
-0,0755428248716805 0,459490502997964 -0,481399117392917 -1,05827742134275 1,8499004420076 
-0,465948600079571 0,440605843820078 -0,425236737868697 -1,32516577509716 1,77012669849948 
-0,307549206581752 -0,265604698326068 0,177298565042852 0,464019018510025 4,32345992099608 
-0,341832133987178 -5,44685831570866 0,844938048606433 0,1454453439474 5,75868575186415 
-0,336079268012602 -9,02484662713124 -0,723898165194462 0,985694652954262 6,47239330224824 
0,35666367815927 -1,11491317187421 -1,85221333646568 2,82940720517485 5,04290250769008 
0,431707996007539 0,209652017117943 -0,280507863451625 1,22078579350577 5,98918993848533 
0,248667145390942 -3,79735231050434 -0,394266176212307 -1,66467337084712 8,00996906358144 
-0,257785059850345 -8,56066874207799 1,77243285925035 0,322400184614596 6,33598605789447 
-0,0642189932406294 -6,81444078456503 0,314588040536999 0,676539511852462 6,02424788461221 
-0,195259278459578 -2,9556102762738 0,0112304907791056 0,714239358662096 2,45240766217277 
-0,412318832331807 -2,44876280740396 -0,116797223875414 1,5284028485067 1,04912455283905 
0,247995147312474 -1,59401236324349 0,806559904010635 1,07651340584735 1,00402918958181 
0,110745737200809 -1,18756620127316 0,672471528283498 0,178410200223165 0,871444676057719 
0,0646210022700149 -1,16743146200229 -0,585656357531631 -0,308783429145333 0,348916311386657 
0,428412624701837 -0,826739464414656 0,34564533505994 -0,399348768471569 0,506681641603352 
0,276302790879708 -0,949214659420672 -0,334851484969621 -0,144767856023708 -0,611791739409704 
0,105384864974974 -0,246745232886324 0,270100829390654 -0,164704750565287 -0,229215408201002 
0,50175316477046 -0,708310327635565 -0,523130513432233 0,0735689758562462 -0,723211679828962 
0,338827391394355 -0,279607396981769 -0,11127263957341 0,0307111202778927 -0,845723011343651 
-0,317891402702241 -0,308776648206339 0,294378226833391 -0,746836574361197 -0,440761075910576 
-0,207960215212925 -0,913381176307785 -0,404054219017596 -0,174418637341162 -0,593367376869093 
0,238738993648267 -0,400998368360704 0,0233658979163101 -0,622411469025583 -0,0220445696961815 
0,0211501708800125 -1,08449697011557 -0,0224807167668185 -0,579020286129272 -0,513424923518359 
0,181735698873326 -0,81352455132344 -0,0244191397454295 -0,30070001775926 -0,0966558223136023 
-0,402095202143411 -0,15455006971639 -0,338714156620488 -0,411815839569807 0,763514504389807 
-0,464926723744363 0,416786422680808 -0,25761379506988 0,143062891896847 1,28211528467189 
0,409641683536577 2,55177079177553 0,0996931665127195 -0,931843583820809 2,98270239837222 
-0,15572060637437 5,22284790919627 0,375203011064486 -0,435640686124548 6,00400726802206 
-0,270110327249133 5,3576557449486 1,31613461803738 1,81885468409512 6,00325194972444 
0,229020916235371 3,36063538603377 2,01133567905452 4,23232667273033 9,84049405212694 
0,323714954107838 2,71591054811905 2,12603890354417 4,24178062118902 8,40496662545719 
-0,11958591806354 4,22994802954565 1,26397886370035 5,87140902134075 13,9491520926371 
0,407896447590643 8,70410841494708 3,9450560481893 8,9966645064274 23,2632132949044 
-0,27106045503801 2,76653432882749 4,41968164886696 8,45854881757935 14,5811627554695 
0,490528619923719 -6,49047841441364 3,41369439419145 0,69758429485062 13,104638712719 
-0,214729144338795 -19,5375307123639 2,31502342339317 0,419824401283071 16,2117266849825 
0,250044864133929 -23,5047974944408 -0,316738669354144 1,6073808630365 18,5314161455488 
0,0438614507108032 -13,9958362318603 0,309546486300212 3,49568634908357 12,2113367301535 
-0,315160552703445 -7,23992069248187 2,26827393465618 1,39480526907631 4,86113799733542 
0,00333995768341516 -2,2101047437307 1,50376603646158 0,69332018791585 3,76174698198078 
0,251491661238086 -2,04443874238192 0,60185638097461 1,54704097449121 4,26233573437077 
0,131298623240037 -1,48073012990879 0,420177660164384 0,660694483129692 2,16958181888461 
-0,213880057700254 -1,05458126858897 -0,190913719873256 -0,104031674825454 0,874370083119071 
-0,17126375744845 -0,916864625872268 -0,588295493913525 -0,0684394975572287 -0,369946235522985 
-0,211255663350591 -0,908378967231836 -0,341124192431363 -0,226835369046311 -0,012346688446317 
-0,33621247865314 -0,669574237553478 0,19952494714274 -0,293777484314494 -0,854649032282982 
0,0962238494638746 -0,190371432709023 0,167651482543547 -0,645454698739402 -0,0897847753213119 
0,19879228308986 -0,61706744330733 0,293893925590188 -0,145403356555648 -0,746466576819592 
-0,317233618460972 -1,04110924370573 0,146746767100744 0,0261774703878932 -0,533188170666855 
0,482353334535294 -0,611168073554711 -0,104835017547246 -0,200811349349516 -0,161241586011287 
-0,260075676658135 -0,523275920949203 -0,388777821497562 -0,144555609113735 -0,892327616467604 
-0,0156919576333316 0,345949405442806 0,176394502851039 -0,569632243667901 0,18568468039211 
-0,371522266502792 -0,459430186352881 0,162610448934069 -0,286123696024115 0,890921115679637 
-0,19245559610976 -0,263170962744798 2,07384531224923 1,61125353648479 -1,09514308157869 
0,275311048537482 2,68323696065188 0,939613341550695 1,87906942437623 -0,337040309399873 
-0,330591383324619 11,8844304325891 -0,184701200050783 0,00774290644692244 5,19591882282411 
0,120113220886298 14,4649379246124 -3,83424027103661 2,83071196115937 8,10154238890397 
0,470494522539818 21,1829174928009 -4,63365593761969 7,46070435187865 9,08130968206448 
0,476533458263338 18,3566354004279 -4,54826300840391 7,77489569258099 10,1852203826214 
0,220960212149239 20,2494467066157 1,11398681900189 10,0938927128526 14,4188895833275 
0,186633354342581 17,3338086272379 5,09902438922736 16,0021308813861 15,5478805098295 
0,512107516366944 21,9349545003705 1,32222799083946 10,6199695220707 13,95403635152 
0,566301437436079 13,9574512215794 -3,04830252964618 2,58960409645832 16,8253619823082 
-0,101855184559128 0,674626161260311 2,1404370923292 -6,30437816611067 15,0534779244637 
-0,0117600126265981 -13,0322464604673 -0,472447701703256 -4,87073545222206 10,7005094158126 
0,0895465822386088 -11,6167200137163 -3,46492265180412 -6,04087453304316 2,81545725222597 
-0,274522557234042 -13,3240066040229 -3,83773591414421 -3,26744018871002 4,17110423843979 
-0,4518967297948 -13,0831831796171 0,742787572781537 -2,94761766010088 2,99914127463026 
0,11865681505346 -10,3671006502419 2,17296764696556 -2,15523329858165 -2,38507252729999 
0,053279718697689 -6,71160018176858 2,45482131968913 -1,26543176058083 -2,8757682260361 
-0,251090346980495 -1,77586289546575 0,466866330924501 -0,96903899353953 -2,94552199433941 
-0,320088754172707 -0,513203356871532 -0,0141768900831905 -0,351797103426659 -0,531420091497384 
0,243047286246179 -0,508951605370318 -0,326215284720837 -0,0215725668629269 -0,120887577938181 
-0,194618753961921 -0,693761440242894 0,0751161649308791 -0,368590465183726 -0,232720196956215 
-0,478885948799476 -1,04869335547429 -0,283632287348651 -0,628045921702969 0,0977714948103202 
0,301468803769217 -0,281366411540636 0,201917719263347 -0,305576432369533 -0,492822576893915 
-0,141951374726886 -0,592695988261535 0,293809751291607 -0,342199350974426 -0,492046834155474 
0,0536834730365301 -1,45618630777216 -1,61956451370631 -0,234749814543957 -0,716766558697501 
-0,130183610426755 -0,167472285296443 -0,94458012664702 -1,09085496980347 -1,64379205165799 
-0,452579523893474 0,323787443022332 0,158638582658609 -2,27276758913679 0,204636111332679 
-0,355490959013381 1,95058471117277 2,02826549062951 -1,69832114917421 1,21591827840925 
-0,309271559275455 2,09503983770066 0,283103781929014 2,55729901698484 2,81004876037377 
-0,127825781920236 5,24551803895022 -2,71173476583994 1,62509629857328 2,38199474192131 
0,547993915882971 13,9737540873453 -4,02560482752195 0,17519787088404 5,76552158225877 
-0,0781076581788266 14,2931703446107 -5,29755239712298 1,45323016753881 5,63321597415911 
-0,00714669725649828 21,4913812682274 -5,65310566919577 -1,5912497647663 2,97756933117997 
0,284276021947584 21,3896736459646 -13,3054375275945 1,39778790313439 2,97628844984409 
0,674485287534935 15,4015901988911 -12,4124273881338 3,27000306631632 10,5175530982014 
0,0785285487340597 18,7855841436125 -16,7927893881765 9,04263019488672 18,0449363491961 
0,286778998356364 16,9123269753303 -23,6334136466698 17,2243152316353 10,7497537834024 
0,0277736644121952 10,5191435219838 -19,9049420524746 9,56644079393782 19,7232168560724 
0,301995553496414 8,05929866741338 -18,80129425867 7,48216709261909 15,9517699619848 
-0,079680372033842 -2,43824296104556 -10,8070243435153 3,70059916391962 12,3597591745118 
0,539081393987198 -11,2313631614502 -9,04139854142988 0,532891539156559 -2,00304925302903 
-0,414048175572277 -11,5265711348906 -11,8213015716773 -1,36211275077057 -9,78124360010234 
0,253957621649157 -19,1462103479897 -1,9496713352829 -9,94846281703832 -12,3354215119221 
0,114099249437293 -13,9841141790412 1,31973449604724 -7,53777421575087 -12,7716557177298 
-0,0542741424544735 -10,1334490541875 -0,357368896016362 -7,22935657673076 -13,4150265578081 
-0,087081118763456 -5,79271086631172 1,12684490007417 -5,30893937315786 -8,66684483720756 
0,178729915666577 -2,14649985160053 -1,76006755395364 -1,70503063272718 -1,76030683209589 
-0,28618615260155 -0,806132796173243 -1,11600618195926 -0,640105908278237 -0,903079128547884 
-0,141159898003067 -0,738320845731097 0,130038004510978 0,0642702390246833 -0,80949804141104 
-0,0697166737609805 -0,887742830201207 0,344425119693386 -0,701488064659601 -0,0580558720092033 
-0,228338689142862 -0,868281334855999 -0,186337441792043 -0,527106245214368 0,00879835768449588 
0,201096107631352 -0,318379171259779 0,0523304904188499 -0,219291274517865 0,0154691693176967 
0,0518205980665807 -0,933739945773416 -0,834552639329324 -0,630295651479731 -0,399515025145716 
-0,0462161014069213 -0,366801235159029 -0,982448007208546 -1,86005868614784 -1,5972119592043 
-0,0817239649995229 0,592658784834713 1,7273319718017 -3,22916405606386 -0,109114836801425 
0,599279958628847 4,08191970395202 0,585699488701009 0,244131556691239 4,23817607974933 
-0,281881555901983 3,17969989801525 0,00673531495634885 1,40966100775292 5,40957867682831 
-0,0204399943529688 9,4419838914641 -7,74871990539356 -1,43524151385089 -0,899527378924427 
0,121497135582787 8,93843829513606 -9,75737304764187 -2,51715642964812 1,3234849928225 
-0,181720138167126 6,26150120945094 -9,43604778817346 -5,95693469127974 7,29259241816592 
0,103511873854668 14,7288364982307 -15,7180929042436 -9,48356158579668 7,59136232907288 
0,451215974370016 19,7786462448064 -28,7526032263497 -4,1884200746098 9,80589137465752 
0,0326449071649011 10,4910553542046 -21,6317533248479 7,99728713504802 10,9444628099027 
-0,0832662721679841 14,7821931776473 -22,0128323898312 12,3015001282458 16,239517158535 
0,37909437328899 17,0741345866831 -22,6262398706943 14,9165027590892 13,1463314587689 
0,472324625201521 17,9145098044028 -19,7954915119865 11,0513498919374 10,137719198939 
-0,163844626606975 18,08628197393 -25,2639407651265 9,27802970294458 2,56228810086887 
0,134324083768543 12,9757429056148 -15,7869340150585 3,99424662022151 -1,49287088111997 
0,574203477005862 -3,95655369342191 -16,6651405427359 -1,62416231744858 -6,54168804877471 
-0,103563896372085 -7,34738754130771 -14,542209665356 -10,3831168170099 -10,9998503211037 
-0,0830913879136242 -9,40574216378512 -5,44609362409878 -13,9888429983445 -14,4867930092238 
-0,410986389162932 -14,3875543319597 -1,55708086453863 -18,8454574731417 -20,9075961306274 
0,358405752479683 -13,4015290216959 -5,06195402867172 -10,3809199816863 -20,6909127335727 
-0,445540431550522 -7,42975763898349 -6,9249779614981 -9,95886140873195 -17,0166926886979 
0,381138046815606 -0,946236668434902 -4,66114403153636 -7,22831536155597 -5,97804804791035 
-0,0301112328965501 -0,373945400261881 -3,61164067544477 -2,08330344557159 -0,72332941490118 
0,474116513655 -0,630319627649908 -0,134863785905667 -0,582989620099978 -0,000282703735071147 
-0,140198960012864 -0,793628836956302 -0,149553720276835 -0,887675206087945 -0,0459880041149442 
0,203347465600395 -0,997595614547552 -0,226342511102359 -0,834994453044438 -0,682446223232238 
0,435461215640959 -0,926156005391499 0,307583688616057 -0,98727652062498 -1,04302567880723 
-0,331756472777364 -0,102082999296699 -0,0073801783708811 -1,04905664663169 -0,623341378994279 
0,0445828553981908 1,18021393359447 -1,48639791446943 -4,38274334221164 -2,79614826838852 
0,0951332019654286 4,42366466684548 1,75468493592863 -6,250895498789 -1,04798718836743 
-0,0655381346106532 9,52060089042853 -1,12178711186418 -8,10039930552017 3,00230091380623 
0,305102880834159 12,413651022728 2,10255356309214 -12,9453777547603 -4,30976154710978 
0,38649845720903 11,5867604101609 -0,284717925725157 -9,3773425614756 -4,95615087627557 
-0,116600049450326 10,2620727509136 -6,08752501022938 -15,4480396028111 -1,67451433295189 
-0,277798119321138 9,68814057438518 -8,46418522903653 -21,1078195201914 10,0641016960527 
0,672611744961101 22,7804397395988 -5,42687493240092 -22,9811331930262 1,76380706711015 
-0,148935283749539 25,8305010818637 -14,2138609427348 -19,3696436984042 6,11098548963369 
0,249132223447325 26,3491016295254 -10,118616258793 -10,9278001873533 2,1884888089772 
0,370838880371887 29,2159016147035 -15,614860293496 -2,71378207706862 6,21608811697786 
-0,100102777217999 38,8302729082945 -13,5950444840444 1,38398759236895 0,812072450345031 
0,484265593629264 31,7005335023364 -4,54143830205255 -12,0554668089613 -8,32498312879424 
0,192965223534035 24,858057238995 -3,45897354781371 -17,0678363064636 -12,8629621213282 
0,148450036887731 20,214152416089 -4,6350389275392 -14,4461175872403 -12,5520800690697 
-0,120185862609063 4,82542965363098 -8,28521136795469 -8,50256739902581 -7,28753936844359 
-0,0854376484082403 5,70580858444739 -8,96972387661916 -4,01995603689665 -13,7784369374559 
0,427643294198401 -0,12397085722478 -6,9360969674203 -9,40522124724964 -8,36158429684116 
0,386969692573847 -12,3319597524959 -12,0225212174052 -11,7100927634203 -18,0816900362935 
0,0401880610647484 -11,6304922449149 -12,6199936044992 -11,5370523063314 -25,9618372972334 
0,187906743726371 -5,53932847154286 -14,4841728223861 -12,4302948469406 -15,9934117077013 
0,286272562259653 0,888282892830802 -9,21247283778652 -7,22063903326251 -6,55709624018951 
-0,11807237221339 2,70085804123681 -2,98350104403299 -1,10311796901631 -1,70092131362768 
0,157295422055479 -1,1107750621439 -0,418023250394301 -1,50495815893112 0,0901849379136716 
-0,128916117184856 -0,209908303735173 -0,124758398638636 -0,593076256540094 -0,230163030934341 
0,236390193171853 -1,08982049151391 -0,0530454821368015 -0,0926006218746912 0,0993581224913919 
0,467549533618862 -0,547610595846377 1,33349338432148 -1,98398123257053 -1,88794857375504 
-0,126620190159916 0,916512970967853 0,486534072738997 -3,31767162701517 -2,39967225312192 
-0,301607487508567 3,66170384393778 -0,791047633804587 -4,6323187284333 -2,33633265759715 
0,430288903070117 5,94120615631074 1,20472006154679 -3,78807819738107 -2,44327409178882 
0,139099561241115 10,1732738621237 0,691765470611072 -10,5384174755697 -2,55679781710245 
0,353108354176022 8,34228322376385 2,02606726915273 -20,6992188593944 -7,23284836799238 
0,371095547371511 9,1280550162638 2,59101577825463 -14,482523508261 -12,2008649519146 
0,149491449293507 7,30780337855417 -1,02073619207455 -15,3439920580191 -8,45169154754035 
0,360212651984783 8,34463151331864 6,39732377716439 -19,3592526834866 -2,66205682020011 
0,34586377989482 21,5429704190972 11,8897919429093 -16,0511744340103 1,76242940090137 
-0,0923638667405273 33,6151191345235 8,86185273096047 -13,2570075911111 1,82606783556151 
-0,0648177605284964 30,9010386000878 1,26657110533655 -1,84377074274123 -2,11551873776276 
0,773634406102421 36,5357212713837 -7,15604437933734 0,0879465427598819 7,08184461843595 
0,752074399526008 31,0221466824151 -0,132369767574266 -9,80093294016673 -4,03896707976704 
0,175476304721142 17,5486665249241 1,17981055158639 -27,1942415376228 -5,93631733480728 
0,677271016385298 17,7295142163379 -0,847577763574883 -20,9824716531945 -6,62745273508771 
0,597891266058201 31,0003497860821 -2,97186993946794 -5,77288831548011 -5,35078945531745 
0,33757956136646 20,5153561732403 -5,35490318659105 -7,97567940293682 -13,7007152277578 
0,364574207077621 20,4496597157092 -4,78339481769162 -12,3869399096768 -14,5537082099022 
0,184422934082804 14,4112746555303 -8,40543697836265 -15,3660631233406 -6,51554439885764 
0,067374864209433 -1,1262388909358 -14,9588542285842 -9,96247376608188 -12,5359691935255 
-0,0443054633438655 4,24999544471552 -17,4118723992037 -13,9348196631095 -20,833934200461 
0,127919025947557 5,2228262631528 -14,7589571329868 -18,0686666358445 -21,8235644988095 
0,0113604287952126 4,91282904933844 -5,63378795923247 -10,6118689712469 -12,0754673151497 
0,183588709276784 2,35404784687489 -0,478399807820601 -2,34027502282642 -2,19225200527693 
-0,31651896455046 -0,257162672368186 -0,541702598473128 -0,999121252432256 -0,126849539667314 
-0,119937238128535 -0,252338183167228 -0,247476235795255 -0,191488808944158 0,0296597063433935 
0,0296776928482012 -0,203157173277024 0,0436004688645447 -0,672957459934463 -0,128889845302329 
-0,401437783051393 -0,797677724495738 0,358872086550395 -2,60856510684637 -0,669242311725235 
0,226839471303355 1,28753742608518 -0,518379677442588 -6,1009461307249 -2,99542518829715 
0,52039544482497 3,95281559322193 1,52637286191454 -4,00914840339549 -4,90653118493571 
-0,205872677989617 3,14590930787174 2,10618531562252 -2,56870479465072 -5,90204234914963 
0,208849423786063 1,45201517254382 -2,48161982061157 -8,46688081723715 -10,3652436891835 
0,316355034425159 -0,601220255707752 3,23496472230606 -8,33241338699358 -10,1209853032655 
0,142962065221979 1,19321784597678 7,3698371835072 -3,3021006532575 -5,19099984048589 
0,161197972632372 2,98570526783989 8,15345634892455 -11,366404732509 -2,77401454317581 
0,143282223216978 7,99553135447619 8,91602525763948 0,68087740065009 -0,648743669816757 
-0,153802672455183 22,8044967915891 12,0340405573444 -3,82304702712571 6,1983343761648 
0,20177966075807 25,9819869936806 2,37117869770278 -5,21389519162371 2,39483941773466 
0,734679595523332 17,2870238619016 6,86070156999421 -8,8225288862367 11,1464940079136 
-0,112282050383787 6,4839587467289 -1,21139408198611 -13,4087979149972 4,99308792077083 
0,770089732968955 4,51092338470455 -1,92722624562551 -18,6835471699598 -9,37726548486406 
-0,157385848708471 3,2671303732634 13,0699781115051 -23,6570134004249 -14,9952149016525 
0,686348502742291 18,2936744830919 15,3127793367119 -24,5524549471226 -11,6993474265288 
0,412764756643825 22,1626483724439 15,2512944396536 -22,5895180103104 -7,88672834826382 
0,0769186057396794 10,5323703085873 14,3347698895062 -15,8791861640142 -7,91165214834844 
0,388422495611808 26,4450750962289 2,88140825641182 -17,0642819402696 -9,67320483866937 
0,392431406083189 22,2661377360817 -3,0409752767861 -7,73491531358056 -13,1963846011701 
-0,31491483848902 16,2424811290646 -12,6600559227643 -8,27601673799056 -14,2388131677573 
0,528555801804385 18,8061904081497 -15,4666165020539 -17,774694576228 -16,3938591341726 
0,39189527951432 13,1219891128101 -20,8501210711157 -15,3334173714932 -18,9775410322741 
0,104398108965352 4,22656283303135 -10,4946089770609 -8,1844642558099 -9,21801388323505 
0,150056964072026 -0,0836479790295046 -1,63806303815958 -1,99589797432974 -3,0759478074239 
0,00656222624745516 -0,634271253117385 -0,978441721208989 0,033112979589219 0,139785189903972 
0,432717270084175 -0,409157035704509 -0,0213146966714757 -0,611297462314262 0,0415532785884397 
0,37377767778287 -0,613550990938879 0,0478803724361542 -0,516806247723928 -0,215987640211742 
0,322884783606273 -0,0265305609063087 0,459544877283488 -2,41503748666635 -0,675522214949245 
0,270529548567391 0,470673607985913 -0,891759405396653 -4,61561884496454 -3,30244119830249 
-0,0723306495086279 4,55035484799095 2,52084506052014 -3,0216131441697 -7,58486828892651 
-0,222562616491311 0,885972635433044 6,16739874043458 1,831645836185 -8,33452900697917 
0,0242919581610545 -1,80814099672919 2,76202834739315 -1,91116311076208 -11,0449506263572 
-0,292355522542128 0,434053932056742 5,82592280151575 3,72160374407907 -11,8506132157128 
-0,38201569101858 -3,48327504837872 5,39840385155497 5,57718391891849 -3,02089729336135 
0,567103478576939 -1,80349351521475 7,47562312888834 1,14243104171766 -0,858219946939193 
-0,0218390885467611 -0,0680064756018666 11,1188651499128 1,50808977279649 -5,99855300441159 
0,0820217574374775 10,3373533654419 12,5419118256253 0,927159006879505 2,0034792570023 
0,118400761517132 12,3422188439803 6,71960340128229 -9,34323718109963 -1,05514768932081 
-0,0726854537583367 -4,27961056860156 6,23790955417725 -26,4536822338575 -3,54634673031667 
0,256600188118803 -21,4332031799645 -13,9117146263349 -21,5110366269954 -8,55782953469633 
0,505158035001129 -19,736177997681 -13,6850837062052 -21,9125396339301 -23,6560595847079 
0,121883797700044 -4,5421773364511 11,6221589542811 -25,3667395074105 -28,1982866565036 
0,12667468727631 14,4650773450465 24,8237638276288 -22,2032800149859 -7,30834431608031 
0,601175448144178 15,7465546905935 24,3422222403891 -17,4014940099285 -0,797579428462434 
0,139849903445672 4,09068371170355 14,487194838528 -24,7555669153239 -2,79338396104208 
-0,202382931559995 18,6863226430584 0,463468287674372 -1,77396484095964 -1,87030490265049 
0,0713786683806412 22,842017150285 -9,59959133295519 4,88600262532987 -5,99373216049518 
-0,337185571127081 25,6453250341309 -18,2971738847455 2,02655461303203 2,771597415126 
0,428854934823986 18,7791044629535 -16,3008156889725 -7,04334028089244 1,93627336340671 
0,353988045401869 8,66769806108818 -19,6062032669869 -7,38775142862411 -11,0595335982992 
0,521743094016086 3,25661836983878 -9,19598615076232 -4,49038850297807 -6,79984600331586 
0,422394022231651 -0,471881220157054 -2,16835224261847 -1,87422804322167 -2,31459475812984 
-0,441317394875297 -0,29157439220131 -0,571715919090094 -0,354562783113861 -0,518737331597858 
0,363895414304895 -0,505782171968242 -0,414341206150037 -0,229507083128422 -0,0415822150156233 
0,166771687821276 -0,75371199870244 -0,59787255874354 -0,349345130399418 0,00495618596175449 
0,346008705375186 -0,583396696720003 0,698241435011896 -2,10976311036632 -0,14972040856271 
-0,0130835086420911 0,770890268852551 1,74009623738713 -1,86936594120703 -3,28818197915574 
0,0518041401778023 2,3123406680938 5,46736516940614 -0,108663209815188 -8,81555700189966 
0,172607615271568 -3,36087371138989 10,2524998847572 6,70630131441357 -10,2553122984115 
0,475020379817156 -3,03558447386063 4,71895047423122 2,53844610554373 -16,0917222619668 
-0,245974858791141 -8,97879576686342 2,80817308694717 3,47996215649449 -12,3780883719993 
0,161918226361577 -8,36776609464895 3,31703614900273 5,71501964787616 -13,8442063227497 
0,282721511057053 -13,3286486370317 8,57128427889865 9,16192836226402 -12,4072165724845 
0,572976057278025 -13,3343493107107 9,82935338614216 0,657153098356966 -10,139615513767 
-0,173107451989611 0,842084619075622 10,8115747588568 4,21011433965195 -14,3265200362618 
0,390867147754751 2,66142259286593 6,30029759994663 -5,3026177102313 -11,5495169114538 
0,676280785951243 -9,666075575019 -18,157194614849 -16,2947227357874 -17,9489907788584 
-0,0737489216418785 -30,2460517046863 -27,804381914123 -6,76532744056001 -34,059619403474 
0,449950409905835 -24,2491876682464 -10,6351764437033 -7,48548632692241 -36,8307567999775 
0,455247262712182 -0,597829097954728 17,8231568118386 -19,5349861780354 -21,9508970244695 
-0,0320206591758644 13,4169104658305 26,1036185030072 -7,3586391900029 -1,84094705798305 
0,142864506331818 3,6075729808759 19,3987188630202 -8,17335185631559 -12,2017234443698 
0,71380329515467 10,904118854953 6,45328338716936 3,42283464598127 -6,34750139930525 
0,203395733202872 17,0172975322052 -1,92776838696859 17,4769643030395 -1,83948136370265 
-0,0572262007876016 22,5773338891298 -7,17743461935451 17,0635317870705 -3,9306791793084 
0,214682509526857 19,3129137490383 -11,3650207700631 3,65451400977974 11,5104534469005 
0,350209542308116 4,41671693608628 -14,5498537431682 0,354186134464828 9,29617523689477 
0,0461401860807535 1,58572905446211 -13,518980755827 -1,00249647782124 -3,16838912946049 
0,323094968430367 1,59843925351287 -6,81569541006873 -1,087700803628 -5,0203237262756 
0,30607462953596 -0,0375039844200417 -1,66535318333457 -0,132244623297136 -0,929395640970751 
-0,457700250227832 -0,254266713394785 0,311748458135841 -0,206953158176031 -0,668366006020939 
-0,285315288930656 -0,903959662421862 -0,529000055683512 -0,831934120041231 -0,475199638506065 
-0,0572083199251076 -0,345033707089559 -0,0629374253084576 -0,0592739823387141 -0,49762115839185 
0,302957369998989 -0,719551763837189 0,55633658633395 -2,02408585421986 -0,0504070786621275 
0,127915409662173 0,663415457439875 3,77928604104821 -0,909472550774199 -1,49907363761856 
-0,065565124810293 0,823060487995041 5,35619438782506 2,82813711612334 -7,72177355614206 
-0,396436727445441 -4,21252176231727 6,06760280898998 -0,749446201639001 -10,5988426848631 
0,414566995709113 -14,1143730998138 2,54930272513347 0,693191651559259 -12,3017492540256 
-0,177125746268746 -18,0073889523251 1,39114128083379 1,66878687398032 -17,5043030656369 
0,586957810147816 -20,6882137174045 1,35903555526262 10,370062765306 -15,6419344624915 
0,361414992448265 -21,2372486080084 -3,10606196911001 10,4125117126408 -16,3105074570689 
0,099098965521305 -21,582838847876 13,4719639162955 -2,84567771139269 -7,5540196279746 
0,246412657986271 -10,1902176854865 6,96786315965188 -11,8006565417459 -14,4641671828721 
0,227084788594296 -5,39736548286169 -10,8852941283375 -4,98599598952376 -28,9076530572419 
0,432591143779304 -9,21117753085641 -30,456008222542 7,61763042945759 -36,886817539912 
0,758613026070572 -18,3221932847573 -31,1219774174287 16,979967137912 -46,8576797785212 
0,00628976310695095 -9,86312206680996 1,59543667238055 15,9506365361406 -31,4787757163062 
0,625429717932909 9,11735693274655 33,040792209924 0,222767762871642 -12,239186437776 
0,489725454422674 4,58696938928187 25,9669724844868 10,9219200083694 -20,8688490833854 
0,605785734171378 10,5985441250326 13,7201093575794 10,7828055776556 -15,895427388807 
-0,0998398413496728 10,6158384828223 9,5499942319663 19,7393246122692 -15,4136256001908 
0,527554261763511 11,0457258153106 3,32428632347848 23,7764648913475 -6,86880309505435 
0,465495210394352 8,79452377251017 3,00260761584404 11,9827560681546 3,09453174012267 
0,0516303572725393 -3,4915041822311 -5,77316218916957 -1,03779738603946 12,5851236291431 
0,202421800741632 -5,97509286230033 -8,36390715573784 -1,82789135245136 13,9534946024227 
-0,177030813823723 -2,46135262237894 -8,7800075411832 -0,172731059171895 5,71939350358012 
-0,221139103598196 -0,705557048120405 -6,83921389601353 0,652965617726276 -2,68217523767336 
-0,473085595231464 -0,0997984986609766 -6,55141475848173 -0,785082504909519 -1,44201007096169 
0,106121851249585 -0,749596284976565 -0,090006530837104 -0,278488503985468 -0,659222346627366 
-0,356309802537044 -0,629404030380773 -0,399209749829734 -0,798749107970354 -0,3160801190269 
0,350746129002057 -0,648860149355478 -0,212533134053002 0,0133003001557316 -0,00219340914700937 
0,343684739823434 -0,641729521089151 0,376226162753986 -0,555777386623835 -0,0669835641571376 
-0,285098822694602 -0,2471201064961 1,01014511798078 1,14072858295101 -1,22155667819311 
0,115208192737874 0,24686957049115 4,83251722428997 1,00998754039565 -7,99033180765317 
0,219698916584879 -6,17804331616729 8,87986331010366 -4,26430611770555 -8,42890453840599 
-0,213559350388859 -16,9143681808442 3,37968750782428 -0,100883743341457 -10,4102647890023 
0,323100928853941 -24,3251103221891 -0,638974096655708 6,35164322573185 -15,2278057510595 
0,361821328203481 -25,3901324030817 -1,54445431808342 4,86964790248433 -7,15769486552855 
0,573251390688246 -29,5166415511547 -8,54379414713599 0,683180205907894 -4,22657903485629 
0,107287366343195 -30,0561094012289 1,52215161659184 -9,44831446105982 -5,50303945188694 
0,106436585075713 -20,464860338985 -9,52642541275889 -13,5334547713912 -7,98924382181042 
0,602799641607171 5,33071719952051 -25,0657332952755 -0,0252891066257174 -20,0187309667671 
0,0195412795802937 -8,27530468411932 -26,2637294059531 17,4962681449752 -44,1761191460522 
0,71605982916775 -23,1627992506131 -17,6257932052316 37,9535514549668 -37,4040121856967 
0,581008235854081 -14,7434255496948 14,1801534448402 28,3198993066124 -18,9559159293579 
0,335586267239746 6,00590770607192 23,391934414472 15,4735679571399 -14,0961266261186 
0,548316886583214 7,36128856258553 23,5694997526936 20,3852112158141 -23,8270062443705 
0,0649444758454818 6,93269463409505 18,716113961752 20,5094443604516 -26,759624223304 
-0,182044060728347 -0,465097228905513 17,9430789304832 20,1924870112704 -21,7784784432891 
0,0643586647985869 6,67160493856566 15,8399204945943 15,6604836541738 -2,89450324543813 
-0,0639844143310241 -1,72297198110851 11,0403366291153 2,70849263210194 6,61688258873914 
0,293467828343946 -12,0880579698361 5,15440585168095 -8,13159382325008 19,4463929564163 
0,146690425049154 -12,7505812822711 2,00775266337427 -3,6772101310588 17,6513439933734 
-0,368694912407578 -5,47113050320619 -3,54690693540004 1,13478888590382 7,82145967388166 
-0,355758376311384 -0,581693831894402 -2,39772508846641 1,15787018984736 -1,17755603002841 
-0,293618010036473 -0,574081081831683 -0,270207556015083 -0,0260758509577374 -0,872063887810245 
0,0638059630238952 -1,00986709817971 -0,316627063613218 -0,163003905017474 -0,821779627171359 
-0,478455813929546 -0,763908053451449 -0,534922545791368 -0,178046828881005 -0,385509507329012 
0,187076330428777 -0,827764970208661 0,11169949563833 -0,223678272452137 -0,451314729960715 
-0,472209960614447 -0,0312101036811837 -0,286306292578974 -0,720680963730641 -0,335535459904044 
0,429814757756183 -0,348256861429956 0,296258480045606 1,85151036324907 -0,554420985506891 
0,338457874919473 0,737131270987631 2,32091550645972 0,537448119321388 -5,09965745112957 
-0,279598795518707 -14,0726755430779 7,82926971419235 -2,18667322718729 -5,25800041624745 
0,033628283192916 -26,0337282045628 7,9016112002443 4,39320181130266 -9,11933783394974 
0,258296805248795 -28,7739322643765 9,16051989478783 5,7807149779004 -2,28936352838013 
0,403893283069702 -22,4158604985936 6,99637195341333 1,96105403401938 -1,41078679168701 
-0,117484063796549 -22,8853632357477 -2,90371948957648 -9,631675255832 0,820296951196907 
0,394927457399369 -20,5972609033943 -3,62151395507841 -5,93891439137218 6,62739448879459 
0,236031470688157 -7,39943213152023 -16,985732431069 8,19948591998071 12,8698020156371 
0,329952037216587 8,92411895706315 -18,2711497382379 19,5925817546014 -7,45640726449236 
0,161169877698974 -15,6599954407626 -22,4172383459839 29,7549889610296 -28,5553924270391 
0,438681891435454 -24,3618669034948 -3,36646299468272 35,9835204191602 -19,467895734235 
-0,225167932653994 -6,50070165142136 13,0780529630689 22,1469268291855 -14,3800682857185 
0,445905740935239 3,77758727069248 26,1389280528525 23,9180160479263 -23,2958246500953 
0,615009247670608 -2,99878374194225 14,0389840947105 8,62160310907346 -32,0273771795407 
-0,301115306289546 -14,9144478456352 6,65072449144053 4,18998901702401 -21,7748620601742 
0,51831339102988 -13,0494568529255 21,1071148571823 0,320064680822014 -8,91786523878181 
-0,0560452847705403 -4,48918649630811 18,3774734845068 -5,15980477943941 6,14177593159738 
0,164686228603031 -8,71534229525007 13,4602732034062 -11,4312452938652 12,1781220048181 
0,409538993472146 -16,5381685013576 7,65975763688011 -5,8198713582094 15,4121322413845 
0,50919221489145 -11,1132244715452 2,61408005991832 -5,82631355028392 19,9685876734766 
0,0115400277749638 -5,82325075014046 0,639302711659297 -1,83627236991787 10,4685595584491 
-0,000198487376569411 -0,478667858466054 0,456461858602235 1,61171444314396 3,13974274795229 
-0,13702421279442 0,186340272033427 -0,572915844597861 -0,578814752376459 1,61632652243902 
-0,265458378593659 -0,604388663421692 0,294741795107471 -0,321136862851359 -0,573353806395476 
-0,166522076929019 -0,970389066651273 0,172821966066036 -0,590209087385016 -0,535124418925125 
0,386910346774834 -0,214642014371033 0,037402462666138 -0,806427930091468 -0,607880604821584 
-0,45816719297561 -0,308079379710133 -0,382410386403071 -0,848253830822587 -0,582835143463895 
-0,233780432731466 -0,278340861428828 0,122041118835557 1,754794211147 -0,549510126601069 
0,468514112613435 1,95103828599513 2,32936838060673 1,55469543385366 -1,99865279065253 
-0,389282139654664 -11,2566369990803 4,00526620393798 -1,23322177821669 -0,40111316042524 
0,00114969594523401 -24,4309401021392 10,4460290902057 1,584899209333 2,39185531927112 
-0,177201093463075 -20,8700666060628 15,1810586162235 2,70644734128417 8,05608113164786 
0,10788792812116 -2,01448138653111 8,25124220711787 -5,29966813722651 -0,409032530490571 
-0,037127999411572 -10,2353404212468 0,903127715494439 -5,72309780079962 10,1652464493924 
0,45869619708125 -9,06141393031631 -3,3534267714315 4,95234755028116 14,8399019607046 
0,514956961040747 -8,74975011824691 -10,3306909958439 30,5631806414327 18,8520754944133 
-0,295591829461589 -2,15158067518682 -9,82794082595851 41,0414840101417 5,96882834724864 
0,00843775128321753 -9,1517021344271 -23,3421237019043 45,4133106042551 -7,09589423502713 
0,837734215157723 -18,0550254511513 -6,61972137879087 32,9912252728977 -0,409256950652279 
0,635799071997128 -9,4248173866513 12,5043222235628 13,9841513398288 -8,38974983720336 
0,549343476950586 -1,58833412043143 27,8227225601184 12,4974084148889 -24,382607719238 
0,351262951741077 -6,21897433453964 20,2750954883293 3,43553328338033 -24,573177900666 
0,461701632945093 -20,8134885487514 16,1531246049155 -5,70033890699626 -4,81501318617268 
-0,0876517980819577 -14,2202964996969 23,0132934737275 -11,2950509709825 3,53311112771101 
0,168971913931295 -14,6570061377831 21,2729774311382 -19,8899258133238 17,672413908327 
0,0281944217540305 -11,5043361031815 14,1831294645173 -17,0488007427637 12,1085179806175 
0,16637810571106 -10,6036931563377 6,57925244731608 -11,3214335735509 11,3940433457096 
-0,00711155547915135 -11,9457438017785 2,24553563893151 -8,77156135926496 19,7382205799637 
0,396018657106226 -5,37506082798645 -0,624946835958813 -2,56999932928098 14,7463348339619 
-0,0395683611744212 0,343821561132671 -1,39719810043851 0,0853822307610564 6,53607194432743 
0,263229318683612 0,917151879962887 -0,609464975806931 -0,837729853264185 2,38457399066038 
0,235721070064377 -0,259311947084564 -0,183239012400253 -0,425326007213523 0,049192255415699 
-0,38030885304187 -0,397991571341274 -0,266442894962967 -0,750967240102717 -0,565560968275017 
0,378971955863907 -0,344584782061665 -0,349046928046642 -0,708908495416616 -0,407818327979205 
0,423255329826514 -0,885079411370663 -0,724652705397143 -0,143879942587453 -1,29923415941585 
0,178910448318727 2,16289021644752 -0,854874060203046 0,53320313855811 -0,798924563302778 
0,0470331793063894 5,15471961840097 0,894953921166985 -2,89793306831093 3,72614184910777 
0,259348661615651 -1,43750643388275 2,2206577107014 -0,6678511289506 9,64945453593145 
0,523688150315025 -9,80034053206351 5,13767311829225 2,21566416992659 13,8309703467709 
-0,33544509693899 -14,7563558600965 11,1954842336052 0,603865080066171 10,6986801363394 
0,207281880136146 -5,07261953497433 15,3888757520127 6,67408739935348 6,05722383350582 
-0,288553656705468 0,43241529384927 14,5056420904958 7,17363342317807 14,9738399638917 
-0,489175781118883 -5,98835645143652 10,6673035692195 36,3776034901257 20,6116257648255 
-0,426867307544188 -5,69249709480981 2,60089784201449 49,8232824428398 12,1560193436449 
-0,0208766525276147 -1,22866564722301 -6,8394537396148 54,8969685751976 5,85295543697085 
0,824475565342806 -20,5169302588498 -14,395945430768 51,61682364557 -9,71771324480176 
-0,0441338704815412 -25,7035946726341 5,2666860560877 31,0689436627503 -13,0702233741938 
0,571074628513279 -9,1479672118819 29,7549065103049 23,4751499436127 -15,8192391081397 
0,328700438247489 8,99534600679642 26,5440018010421 24,01745348366 -13,017798601816 
-0,110378806960105 -0,157980246776858 17,2401305876382 1,4594744742942 -6,6683768119086 
0,389102302827271 -17,6828458197979 16,7717175738017 -17,3799041039777 1,06094818563951 
0,000615608122436167 -7,58545378144887 21,6336728777088 -10,830496048427 4,12069691092162 
0,232917129665327 -11,6121916501237 20,7714558243822 -15,7820585291858 7,93973618728517 
0,115983817357518 -7,79049723684935 17,4605037898445 -21,8830494870977 7,08701662178318 
-0,240278081379184 -6,81686589637529 4,86410576661954 -21,7228405527568 3,38568642477703 
-0,0925919182376598 -3,71945825851055 -2,24537011920232 -9,16007190635995 14,3228909419364 
-0,0340031767059763 -0,138067554821002 -3,59972325257956 -2,45372015031526 13,903781181409 
0,31850286425366 1,62310969671547 -2,43506835779718 0,303177058512101 4,07655126357439 
-0,377811532963145 1,06409774471516 -0,869824255490051 0,259473099442064 1,33185398240524 
-0,440569647891589 -0,212546595156503 -0,384848668726297 -0,611073725546565 -0,814529852163504 
-0,153762748455023 -0,786959645983555 -0,306636609672136 -0,196562138674189 -0,792357892982873 
-0,274380499024989 -0,717691323913327 0,00219908270044899 -0,726298332726449 -0,0229062571167679 
0,0874335107120268 -0,999123095350761 -0,0265723743957676 -0,478783542093052 -2,14160585032789 
-0,341736455261064 4,30810525728228 -1,96682520342184 -2,66085850624324 -1,87120217118921 
0,462819423772364 10,5809205006627 -3,45254859848885 -3,42496532003561 9,14919798915315 
-0,160907876785482 10,9510994232435 -5,71649478563309 -4,62823192376549 14,086746643568 
-0,420978860551751 2,77367855421137 -3,19116774728505 -4,78550163588996 17,8966361673319 
-0,315927162988973 -12,2071879165367 0,934075770416495 0,61778848464519 21,0201961174565 
-0,0408094873212753 -14,7557135894381 8,2657668014697 11,5731816492233 9,03598071186144 
-0,361822599598318 4,18863881637963 10,8518814117314 21,0624008551657 16,6883376462289 
0,242933773921611 -4,60217997383259 13,0970376540843 47,1408182373295 29,7891910869936 
0,526078949757968 -3,94352905628463 7,82273482027359 54,2893012038058 8,76973532059657 
0,613696592590815 -2,44320318443559 -11,2869067730152 61,8378441422811 -0,534867798167888 
-0,114922986049463 -19,7943213862947 -0,387686436106666 46,9115895781827 -10,5808345875049 
0,849384397748931 -16,5435233254868 18,4670445008206 32,8071644711957 -15,3953196588417 
0,709496708085575 2,90117928667519 28,4576400244736 27,8511302939826 -22,4141751258156 
-0,0442805859727413 10,6088782199862 14,9365645426265 14,1831739074325 -4,46405817420946 
-0,182489075685197 7,865806391593 7,98363452998229 5,36455748532181 0,627912837143664 
0,491814851639985 0,0263414583159644 11,6098978754701 -21,7103948198447 8,53705589765787 
0,476695788092369 7,07448617953494 14,4465741803676 -19,2314056702931 6,88231938960911 
-0,0574580991092611 -4,53818182950694 13,5630203764968 -13,6542229956949 1,58655989338926 
0,375203112659457 1,69345068376678 8,32998752899975 -19,6015994402969 6,69149668765972 
0,0324642265583065 4,78611625222564 -2,47289635960943 -20,7888237345552 7,58359920418172 
-0,00324693447772851 5,97364374845755 -0,966133205389349 -7,6918389917754 15,4675844372694 
0,122760471515398 9,21780001295505 -3,09287332310824 -0,819025649296176 12,3454915872244 
0,12005921564578 3,16500222251168 -2,83978775472019 2,51752630345488 5,52358049128926 
-0,302314802904592 0,193734258806816 -0,275760115830057 0,0457593738596696 0,853010693665094 
-0,20435652701429 -0,67307725865183 -0,488420456288568 -0,763234336037356 -0,429433195689555 
0,238347778414839 -0,964880927500058 0,201623370572551 -0,21634569265258 -0,14401759889811 
-0,12667408235965 -1,08292134235064 -0,590739046890832 -0,323971507581691 -0,290005667204741 
-0,162827214769134 -0,818563891171732 -0,55744602648969 -2,08471146650564 -0,963939224619654 
0,335033544910307 4,80446489780801 -1,52284824815318 -2,76956774322283 -2,13835569303567 
-0,354903534546562 15,0455112893116 -5,25830496009203 -3,73621455681957 12,8088286936396 
0,0674646031191455 17,7420573133437 -11,6475905186651 -8,5293288654124 10,4721324569143 
-0,438760524671216 13,0395902080117 -14,9435142911954 -8,53980374912236 10,6496882987592 
0,0580989731494566 4,45936435486205 -16,1563929068889 0,575406791268085 18,9330507764002 
0,181329286450529 4,59719315571566 -11,4581762158411 9,65162268982568 9,0310465217205 
0,481983766171524 6,7871884315554 -9,64239587137931 21,3651771912216 30,2603924054868 
0,258309650441435 -11,2013445170259 -5,7595445033951 32,7352708410911 42,0316516934268 
0,48879087889014 -15,265390607068 -8,38209049510887 33,7650390064594 22,9242882191379 
0,309828430806644 -18,804560489311 -7,16497348890883 37,1776958659312 16,0491306531126 
0,791461311972607 -17,7299118638682 7,26645100442649 28,2938838832342 13,6578449317766 
-0,0284281237166681 -5,1001520469112 23,8346996307076 29,5105229130194 1,51078469763962 
0,228240199383939 2,18997857547485 16,0687880160292 15,2448430145459 -1,42753248948252 
0,383667904521932 8,61576095588565 0,617162734620139 3,64396499212752 15,4174624832404 
0,324381847322129 11,0954554753207 3,57937589895443 -5,22479501218774 19,6068707250031 
0,14530076953858 7,89121913606387 0,0426471017732969 -17,827014520345 24,4423883656851 
0,266566735624924 3,07306834092507 4,69083401079876 -26,0266277033555 16,566312630396 
0,379385612005193 3,03528882982055 -0,636226715459653 -13,0392047924237 12,9754447450146 
0,10680099301142 7,85854488091051 -2,55840243027284 -11,3900010728507 15,4844305288869 
0,259580759136794 11,1189957364708 -2,90792613968275 -11,0873763449551 15,1189510418135 
0,398335567201687 11,9390439903141 2,16957667655083 -1,43287736141625 19,2553993285199 
0,502222399647166 7,35278881199638 0,461149280375452 3,51729380565701 14,62203615614 
0,299348752440605 0,749062821996628 -1,38498949105073 2,98640954933388 4,23303618589944 
0,154797739174942 -0,370785595045102 0,31812509634393 -0,540595014511936 -0,478009048412531 
0,450095327086817 -1,1571608718152 -0,112817974301067 -0,657511041844215 -0,772680045218484 
-0,34767449965936 -0,591373691423778 -0,306592745310174 -0,886386246098464 -0,352362960536747 
-0,325377429364026 -0,297367597587678 -0,39134385814023 -0,354592905076757 -0,515633852107905 
0,147689421407217 -0,77692716817943 -0,310686122994202 -3,53289368352851 -0,601864796841644 
0,148296161151154 6,03057766645457 -1,16572367940799 -4,8258507589307 -3,67608764636031 
-0,197176773937183 16,883881927309 -4,65388185145243 -5,30656321360712 8,9018254009838 
-0,507213752887445 22,5217393895634 -9,68880942534246 -10,935784820167 8,41192620975661 
0,402854541216977 23,9346738565351 -20,3916970317615 -13,8533007741214 9,46583008479313 
0,0127232658629959 20,5750390820777 -28,661080951513 -3,0370425474995 11,0154715789963 
0,582740582973669 22,6229388216893 -25,8305109197151 -3,8894623410448 5,96555612251143 
0,12485894881223 10,3191398649285 -23,4202361483366 11,7270416004199 26,6480378970718 
0,24188798522247 -6,46681392598556 -23,9685542356119 13,4906907903182 50,863712783227 
0,451115807557851 -16,476894760225 -16,1701551889136 10,0333718869419 44,5038029884875 
0,608363015646786 -20,3380897864162 -11,752883955381 1,92683361253645 33,9117988606872 
0,00455288535707298 -21,4112713503839 5,44272804119285 2,9946443743619 20,7439791554376 
0,67454578971668 -14,5838006406737 3,90721626999456 11,9272363563874 11,2167035430799 
-0,0641195819835527 -4,11560078622225 0,517041225208726 -0,216075059950752 11,7921878573108 
0,532489194861662 -3,21156058011241 1,03605374735741 -6,62292324695235 17,781110585997 
0,0232640116335556 -0,713613370067651 1,38982875873507 -13,4867228127059 24,335104485838 
0,221198295643647 2,50515204694854 2,45837916319511 -16,0519997856054 18,9611608188714 
-0,0592468934707753 -2,1245481213383 -2,2692693060997 -7,18063107533282 3,17191808170249 
0,220508825802684 -0,276913269543699 -9,97276896905981 -5,48570545127256 9,68252997955645 
0,0679358458704254 8,66038668576839 -3,74410135314454 -1,64155775283057 15,0402785411528 
0,318314032591868 17,6964135155295 -4,62030953572768 -2,66630637052788 21,413868005681 
0,134169751336788 14,4565428077345 1,02375352478141 6,05356407605336 20,6959156695729 
0,425914766715194 4,32007099041095 0,725853032446254 6,59306513869237 15,4046826989859 
0,0549498514344221 0,213303087565203 -0,397200280663142 1,20041621894476 4,50632247582024 
0,219235831469739 -0,6423958079821 -0,397016817423015 0,265901515068603 -0,709034743844567 
-0,0260744341263752 -0,961775260349678 -0,345715412804273 0,0597702640796724 -0,408368172344272 
-0,0737690482748247 -0,629392184888935 -0,15425487328166 -0,487869422840906 -0,543979436296999 
0,2534629013778 -0,709524172950679 -0,437188555360071 -0,335407929086249 -0,527336932585205 
-0,268461568412428 0,709978256566914 -0,664698903104705 -3,35112725032961 -0,938904942601712 
-0,422895425464102 6,1942000766346 -1,33057349945364 -6,55083714033557 -1,80537940271374 
0,40485282145149 16,3927141492029 -1,70819062926767 -7,44814038587993 8,43038228733679 
-0,179720023385597 25,597698314247 -8,61287499110912 -13,1112719421729 6,2482343249074 
-0,00304506809994291 28,2685807127334 -18,5111162591739 -11,334285377558 7,21776299351121 
0,0133731596106031 23,40369276829 -27,1221826830933 -3,98175604952569 8,83350815517007 
-0,218932809942089 25,1320498190116 -28,4728895645561 -3,04578859702811 4,3634092645214 
-0,118019803135716 8,50586261553429 -33,1965231357186 -1,29832624963823 11,4253314073485 
0,639361267251216 -6,16491645961455 -35,4600477264317 -5,19576990628246 20,5568376735134 
-0,219240164729467 -2,77821191790993 -30,1046330485698 -18,8764891873395 21,3736611122291 
0,064486041915108 -15,2782976924243 -10,4598446632015 -17,9322230317966 6,60200287090085 
0,255075358925648 -20,0448730117414 -1,658784886635 -0,555949341013948 7,01391917540521 
-0,181204075196202 -18,0365645847319 -4,54712150445391 4,96514401346564 5,73709805968345 
0,307455856214625 -18,2967509358091 -2,17281094381653 -5,08401519576902 4,57983123700644 
-0,0339494928313725 -9,91430325737104 1,10955413203555 -7,86167466214136 12,8848104994748 
0,0573496941222289 -7,79603600815854 -2,27112191276241 -5,18111791417808 9,82273230091604 
0,0400756784018651 -11,1048646301851 -3,60277785198064 7,12412257296022 -1,19622217829697 
0,550049814854522 -2,1976309377847 -14,6064164323303 11,569758929262 10,3857538162086 
0,207088497018039 5,88985889214403 -14,7124341078488 7,76773592385224 6,81261193969961 
0,311459972798424 12,5176750783545 -11,4373197729056 1,43554205248348 17,6032584125675 
0,185453971839268 20,1214359031043 -6,76473104579042 8,72406422775651 20,5379923916164 
0,00832023182206855 12,8266212505499 -2,23213691356735 9,21095638764761 19,2185388471094 
-0,0909860928568102 2,92676178148699 0,577736911025179 4,05125526210731 10,1457896057955 
0,0549541006234013 -0,499132457640922 0,529944681503354 0,920814508321217 2,10424905637867 
-0,27311479524126 -0,398485770223188 -0,575027636647702 -0,0307207448833406 -0,62501641140941 
0,313028902287304 -0,985811998841212 -0,506197995674646 -0,766943116851487 -0,301846382697851 
0,130878454702865 -0,336611446548893 0,172219205801278 -0,805352196668984 -0,794101358131983 
0,493981698401396 -0,180142878314671 -0,561902858006944 -0,0553440317640675 -0,953055596120011 
0,0277538755486973 -0,613401964786748 -0,132277252049281 -1,46312983723097 -0,127918137462188 
-0,2602970664291 3,20425736174949 -0,956719527425864 -6,13374086786053 -1,22792927611768 
-0,0183628898119568 9,51129138704994 -2,71137061422222 -6,23660946675139 6,50504009337568 
0,427543652648198 15,5361220994789 -6,08661884370316 -5,01053556881423 12,4847463486731 
-0,103987306283935 18,6479334880022 -13,0559090463288 -6,2405527088658 9,29188116964671 
0,237211344176271 10,5630209764789 -15,8468016263381 -8,5378763723586 8,31984966852107 
0,223394767331341 3,47090731737516 -23,7050903995722 -7,70789041719267 6,42585753712823 
0,520733691297881 2,04581522356971 -30,9984689200314 -3,93993343070096 11,432193515459 
-0,223140667930519 -3,29113089973268 -29,7009209219374 -11,2023985376254 9,1972422174269 
0,525000779652905 4,2345103531394 -19,6325001445691 -9,67298420492615 -2,73374121065891 
0,473507888401722 -4,66639250824444 -4,02427514544839 -0,341547493918837 -8,62254490142173 
0,0676913210162408 -18,5615278948767 -3,79388839576743 3,10288558233612 0,261745861876421 
0,497838327605208 -17,1473461532294 -10,1762543228689 -13,0746677866454 14,4135468694313 
0,139392878393066 -19,9593948677475 -4,01411321884817 -9,87535391402955 9,48523448500251 
0,621257200211896 -10,8651547057063 -5,83153810047008 5,0111103152458 9,02427773593345 
0,339721909651749 -8,17075905643694 -11,6217331129219 10,6064123723213 1,92330634146022 
-0,134237266175812 -3,63304762074805 -20,7267300353794 11,2657423096534 0,674127708664324 
-0,0744936943714404 12,1155338636819 -17,842883540395 9,14631557894341 6,869420077433 
-0,0620432902969883 15,8156296808749 -15,1170445166092 11,283907657144 6,64172867044898 
0,330565269891893 14,4302555274865 -9,04577726206042 3,80868030734203 17,8822759876252 
-0,468607890342986 12,9093851969718 -5,64179503307592 8,1858831518783 17,6683783565497 
0,209231800359684 8,28533696055306 -0,854855651455982 9,00582847055374 13,9539972570599 
0,348437684410875 1,86478315685401 2,18319669993753 1,03485694974735 5,06467069419704 
0,281594721884455 0,153674682090544 0,379282076996304 0,293996789197317 2,44917844643159 
0,124888489259443 -0,395610652527362 -0,612309717049815 0,0508970104514452 0,622365280418206 
0,288871530980677 -0,718945865201546 -0,518653932195664 -0,477776945508831 -0,675052354776832 
-0,382960494786534 -0,788906954496685 -0,248797400431346 -0,274353784833347 -0,484073793171537 
0,111945953138528 -0,425575859253224 0,30201374220851 -0,305539017797727 -0,8317525770057 
0,087359379850266 -0,186663543672252 -0,319675034583908 -1,31348422204031 -0,144154079533131 
0,368723210826136 -0,165472954519701 -0,671166439948042 -3,41953296433805 -0,591015069886636 
0,305473806930374 0,654023869937688 -2,50943360362417 -8,56068508077396 0,491740684405368 
-0,0539416708872727 5,93765859854415 -7,02220513095546 -5,65707326060406 4,30716707797844 
-0,207218099272838 6,61040522816472 -10,5945041969957 -4,92381155620137 6,4042318639105 
0,0395616257136712 0,277106697633095 -12,2641281372266 -6,37218229198726 10,5929010964768 
-0,376547970528185 1,66486414450196 -14,8000033129473 -15,7390337817883 9,80107426541832 
0,36727587883422 10,3271728391097 -17,0293685684085 -11,5933218615895 5,70957242757112 
0,269320590889722 10,0667655451246 -21,1480895886307 -14,6920552373268 -1,9114354092055 
0,766859762407366 14,3428400717647 -17,8664871730976 -14,3447764002381 -8,86162156579862 
0,0737781823316263 17,2723558362914 -7,9603446845301 -5,80637946513121 -10,592910404329 
-0,126806946595572 11,194427495257 -9,26156297706981 -6,81790418902112 -6,28900337371257 
0,620513656607978 8,36306625526488 -15,313299021278 -23,1598085517698 -3,99823862671931 
0,579890529000639 -3,84855008880486 -15,662448594578 -10,6244798913216 -12,0242353776573 
0,00220361345168596 -1,202710461142 -13,8975055799598 4,9185999103329 -9,24144212669617 
-0,112430776963955 0,668135625372632 -18,9027233360018 5,50677425352896 -2,86245081088414 
-0,22022317059487 0,0127765501767285 -19,2016303569211 -3,11795469852749 -7,07434352014358 
0,297004929679028 2,75347992256459 -15,7154603528094 0,226969137837018 4,23917391690948 
-0,0633986462055095 5,41793927394632 -12,2606236235698 4,33315086851898 6,31557736041059 
0,0557478516112601 5,68360410085225 -7,14185652414886 4,82407885300714 7,93456459636531 
0,1854267648087 5,13073462881978 -5,11161014659577 6,97141742266211 7,31101535293663 
0,417063607322538 1,86748788317378 -2,38618003135928 5,6722934869936 5,45022283317442 
-0,335773052499834 1,35576919944143 1,36275501474579 0,906716525629068 2,58925927696822 
-0,452151570452604 -0,208431262429677 0,333903490320484 0,0328650342448078 1,7369305516393 
0,444341561528576 -0,593080183136396 -0,000354274462476978 0,0296044995248125 -0,658750389498338 
0,126608357781874 -0,751401240634726 -0,495826063835185 -0,0812582217753017 -0,283736515806904 
-0,114974846569782 -1,03789139149547 0,377750674977582 -0,2695494641977 -0,225693912234983 
-0,0267495824264757 -0,703446632391789 0,0258453843106613 -0,743650116103618 -0,464481623944159 
-0,289016876411829 -0,650397935011499 0,25929795174602 -0,332511791736667 0,218691215325827 
-0,174302514171831 -0,667995355160123 -0,505970897832708 -1,16202634756344 0,474354302595249 
-0,383352215577483 -2,41734807930819 -1,24762410516846 -6,08805733463951 0,327205704628942 
-0,410075833997691 -0,499711160053517 -1,3944239961578 -4,34355112910784 0,236691046569065 
0,0105029015535279 -1,89702831779553 -1,34526114340186 -4,17330524187578 3,18617711105397 
-0,427286763668191 -7,04700729783047 -3,97698023091524 -6,60764754617128 5,33710212622769 
0,135604576578071 -11,0266885038186 -5,81820767619499 -12,4120808991472 0,395111000524941 
0,175621473647576 -1,82319047441849 -3,74547531153318 -24,4076972093847 -3,69056522214667 
0,0853911827575441 12,2959178352966 -9,90642101712196 -20,2293093102635 -10,8864398888481 
-0,149996861170825 23,6475795214659 -10,881831386658 -8,40689905226813 -11,5910579132938 
0,305653350904452 27,689093584934 -19,7836101616489 -7,61286081188022 -16,8530938282583 
0,767855910881437 24,3525859472153 -28,561750878786 -7,47833518496262 -21,9364652545254 
0,143287091171008 12,9271116666252 -26,476373775326 -15,2515716845804 -34,2768128317679 
0,184540323258342 6,14468268350834 -19,5730075643441 -4,61031471587731 -26,5042843148003 
0,192327903026497 2,85783356199295 -19,484078614499 5,20149150585529 -17,469754122074 
0,0993955730233039 4,11180696855813 -16,6479053810712 3,64566089513575 -19,1221973990044 
-0,238334658372149 -1,3672591061965 -10,827068140731 -5,17108880292903 -18,6093521506374 
0,127011191148834 -5,68378028540927 -12,5039170489287 1,5644789584328 -6,26074092783799 
0,480435784836117 -7,15254631398428 -8,64888141817409 6,54267515680284 -5,11433275649603 
-0,35785361138206 -2,41750287540298 -4,99202580261801 7,9016624478254 -7,39721211652788 
-0,170190236301983 -2,53906956464159 -3,11603626292258 4,75416372838776 -2,85109951134719 
0,209525725097351 -0,720133765909283 -2,63078901365577 3,06975974576436 0,825035628510071 
-0,402099327892212 0,419860629312092 0,657453571808506 -0,673240014612766 1,50543672040748 
0,263719716455469 -0,41115640610212 0,0800798625117093 -0,102404586101586 1,43242712792547 
-0,146897663104101 -0,662792341048391 0,0228674113856155 -0,717302281405426 -0,598342926927049 
-0,253471851851059 -1,0772050012256 -0,339086302174962 -0,22804608878224 -0,233584091991962 
-0,311284253437183 -0,690178892244011 -0,222159912374142 -0,137969503440027 0,0238425406961481 
0,489215001307549 -1,09430495123049 -0,486098386500279 -0,558041921807548 -0,289025284369061 
0,284194462851913 -0,731200807689334 0,073940827171127 -0,265435349450209 0,196158250072867 
0,500707688851433 -0,681445977815875 0,406085335405437 -1,02219546073835 0,195843051570243 
0,1051113243226 -0,916695627849363 1,81956587759948 -1,54379892040973 -0,0425655778160452 
0,296497352795882 -3,32746901069602 4,48877403998434 -4,02231070652077 0,150437148862487 
0,0708169260887347 -0,87291785430705 7,99845743645099 -5,22669250237024 -0,163701294174879 
0,126970599840492 -0,93183487451113 7,54841287961558 -12,8901836059146 -3,0544355542302 
0,205019481298869 0,354148324473723 3,87844498176876 -19,3470240122089 -5,50866031646604 
0,447528644405295 7,26514324820189 7,62130563228512 -30,2365931417749 -3,36607738458537 
0,352043603971374 11,0646165536028 3,74887601821294 -19,6688471686972 -5,45512784226892 
0,260016563013117 11,2562972498481 4,03958822898016 -0,675613811294858 -7,17057682498948 
0,216600199673901 12,6325216870585 -15,3296587589102 5,70453337282933 -3,77662993748318 
0,0186949436349005 15,125982951196 -17,8136740429449 -0,987804561170473 -1,49059623099675 
0,191864304097762 7,53779041538746 -17,2314574139775 -5,58935095700018 -9,03244748589235 
-0,00721055775112521 5,01407987659589 -7,30807483625869 4,99213629484104 -16,0156848469362 
0,150495601948529 10,323341076815 -16,7241818662317 7,54621745082846 -12,5438257513742 
-0,107848121128243 5,87119242159127 -4,14637419951498 6,17008675430043 -10,3933300241569 
0,376882719101938 -1,08804269885998 -0,5826939131497 -1,69159870324124 -11,5456356622329 
0,491693597925842 -5,19169767603267 -0,222154853293272 3,31587020611249 -9,77563011209202 
-0,0952497454826779 -0,628722769799857 -0,640506714424671 8,90413359873332 -9,4364085935349 
-0,183520961605436 -1,76083156960496 0,15420241262589 8,00049911691253 -8,61026155679529 
-0,0457733776609453 -2,87574506687818 0,840059571441232 4,04482860349535 -2,61912576173049 
-0,234698384089997 -1,7786485992814 0,999264537342961 1,52162511899957 -0,693533287798659 
0,476033115409401 -0,616733931891579 0,366921365666523 -0,443662272526951 1,06576024385583 
0,420030609405252 -0,649533092416326 -0,250161591402918 -0,840848999857281 1,3163639610343 
0,0203804456491274 -0,827965994926184 -0,370968472311958 -0,386106201823932 0,0399956217872829 
-0,0530826672343627 -0,718918076864213 -0,303683894754442 -0,42383043227997 0,0117002084197538 
-0,274712393572399 -0,492735791528285 -0,54508367385134 -0,072064846518561 -0,505421559911922 
-0,196221730681676 -0,189698232704906 0,213748363485244 -0,496305182538219 -0,792834489860073 
0,471432663096864 -0,839256726409238 0,0686812965263631 -0,583294120619753 0,0580221882807995 
0,333622484408185 -1,10474926825824 -0,212911574009285 -0,83944859529343 0,0416645751154055 
0,261454242651499 -0,807006360564922 0,997778282589812 -1,10708674968437 -1,94900921342964 
-0,389022108480596 -0,811197309174131 5,4833957741792 -1,43946957384657 -1,80664058834474 
0,290093375016058 0,181196000150447 9,81725756633577 -2,74904873963394 -2,90964858358081 
-0,202573239949341 1,77010625492955 11,432026658189 -7,8245864949757 -7,64025647620345 
0,441499919988826 8,22400623600258 13,6289362101811 -11,5902639528039 -8,99719661675459 
-0,311823113558473 11,9862637297425 17,937926707734 -19,910995139029 -7,94610689773215 
-0,15307602204656 12,2721565034404 18,9548944726169 -12,3083580223526 -6,51181388875032 
0,190563420712496 8,58071215052784 12,6338282449511 -7,5320661849512 -5,89994079238202 
-0,337245770846859 13,5418330868107 8,2502154290331 -8,25709843580828 -7,69633571750417 
-0,106883352877093 18,3268527827219 10,5788212890998 -7,01089853987817 -8,28393109563583 
-0,0719844748764853 13,2225642399138 6,76154756566668 -8,25097274371631 -7,60422248907614 
-0,351347756735902 11,2405696681627 6,7256314453426 1,37470005375748 -6,8073195948192 
0,0300643936578495 18,1559838143115 6,6109534022601 5,31952878001578 -4,54785338958281 
0,43887198205876 13,9219344897765 5,04815260709675 5,48729141780433 -6,67135321936706 
-0,199910476975514 7,37263119841894 2,57404869566966 -0,0224519465193293 -4,32993135927802 
-0,442790789977509 7,57873709474901 3,17050670152415 0,999258161239922 -1,83420762895892 
0,277608157676015 4,48826509554559 2,04960053011233 1,92103274393997 -2,30828950564975 
-0,250873022476996 0,898023822286808 0,185224535348096 1,89138259173018 -2,998733876755 
-0,434002641063784 -0,77532437051378 -1,42051803838258 1,97248881255539 -1,17568483277528 
0,350408943603639 -1,21806856237651 0,171691287241411 -0,136227507129916 -0,50703398664679 
0,323125503358814 -1,09877665463139 -0,458365233206765 -0,221267970960633 -0,481418617099955 
-0,326439264406775 -0,578152421478526 0,227048774894588 -0,643507565401558 0,410644238592955 
0,0395976283016936 -0,450006166961321 0,381592137524434 -0,129599730741125 -0,0761906455499811 
-0,35869076949714 -0,211245629847903 -0,265264209875694 -0,252156605326723 -0,146563319907823 
0,0637071841576927 -0,643017536141727 0,0419122843069441 -0,754309318576232 0,0811571000744897 
0,429107521010634 -0,685133046137039 -0,545402825990616 0,0186892853102257 -0,785121622279853 
0,0895482940900179 -0,898012205258292 0,0861856691743071 -0,613078799580805 -0,824444854434829 
0,185359657710203 -1,01484198369634 0,0294605219580921 -0,110617235273125 -0,697003966272977 
0,153274591369092 -0,641067142218753 0,912777332927997 0,566578279687767 -0,311943588642177 
-0,151055912714995 -0,227656986954904 5,86305142507078 -0,568977816901651 -0,334936602284109 
0,388417016488591 -0,415866142131074 5,54389171451726 -1,26039534786675 -1,40626976988544 
-0,20937262124937 -0,685815586734533 4,3020510945364 -4,3528686960671 -1,73187112993223 
0,18394815539099 1,73552678465161 6,24564265017709 -6,07618956284878 -2,25272912380764 
-0,234915962968074 3,27113225181891 9,92792659077005 -6,34095915740831 -3,04972919422127 
0,483257282197228 3,02619138419329 8,60351666139444 -3,40677425582866 -2,34982395484152 
-0,406876766072718 3,56809999362924 5,04042159807601 -1,95152575913675 -1,66781130789276 
0,105301811156225 6,71200615380414 3,64670385928695 1,29828954369646 -1,98645965969901 
0,00899678074501559 7,60986121898625 5,79564985530628 -4,78868420580647 -1,89551932441004 
-0,196492134140372 7,13597817809195 5,77467196043531 -7,24554515263286 -2,60192453350988 
-0,307659450050192 4,80395750593314 3,31632053309455 -6,45753134252073 -1,68876343503595 
-0,133976484083404 7,40485889506071 2,54449027909848 -2,85542632196925 -0,893520076663022 
0,0887410035770284 5,65138706672495 1,72389232876239 -1,63575718205198 -0,177489382658142 
0,00120135192649136 2,62521048279358 -0,173295023891727 0,892695453557065 -0,0654567705957853 
-0,364679733141198 2,23881244060022 0,00966440226391302 2,21853766351896 -0,0422495675178952 
0,086326171926651 1,67659768277591 -0,0288718568995785 0,0249699388442702 -0,528370969688903 
0,32251303585854 0,453885754918388 -0,131809882234155 0,452642997425151 -0,0223303592913384 
0,0279395337788147 -0,470235653652972 -0,00169767524160692 -0,0756631989029249 -0,586480185725854 
0,468260425551117 -0,762395338223148 -0,00525218647874693 -0,129630162781786 -0,224126893795489 
0,462328101397635 -0,619737877769912 0,266610461950385 -0,250153776740101 -0,579305317407189 
0,232235595366277 -0,440848357528186 0,226597498349924 -0,31316965153843 -0,481973849345957 
0,107085993179188 -0,347423475210559 -0,0347931840816589 -0,313839712988592 -0,135265264142 
0,0639143708343509 -0,85973757014532 -0,379900558955192 0,0732428034073991 0,0497544101894196 
-0,301983003563684 -0,8332386675439 -0,47738834997631 -0,468784227450823 -0,600599073037824 
-0,262819446664199 -1,12880385421562 -0,486960001908893 -0,0758218856053408 -0,00735456019614014 
0,269203577397507 -0,266544775043209 -0,396975160222226 -0,55238072479821 0,0388512836241916 
-0,473132320352871 -0,296250167253815 0,0492934189768831 -0,201801514543579 -0,152117653705272 
-0,411927516089776 -0,646408868602011 -0,00920306139235625 -0,283982294312198 -0,502883195600996 
0,208078192171242 -0,597354878142148 0,284825773213055 -0,324090367786889 -0,126961163972824 
0,154609305197919 -1,16684952399479 0,0321760177135532 -0,302279796906886 -0,460077435846926 
0,120086415620083 -0,775946878889498 -0,153517683086536 -0,513545505774644 -0,928973402191609 
0,185586786963188 -0,559788094802055 -0,586729041272618 -0,238519661830199 -0,451075731554003 
0,198318089040445 -0,496431143637724 -0,333450914350852 -1,19222217337261 -0,214733670252053 
0,185558233231167 -0,449332934313428 0,091316454540373 -1,90258791442344 -0,0285602448147528 
0,169585463115575 -0,450146899356944 0,127300016164282 -1,82839005869744 -0,33135406134844 
0,0723765513475373 -1,12881525291791 0,568775810315199 -0,582491294117548 -0,671839124241367 
0,157542151438299 -0,883407336151291 2,24468625568688 -1,04169777427204 -0,738287634337248 
0,13939765421446 -0,556885162082132 1,7039836087906 -1,39521122217453 -1,00712407759256 
0,0187294880746514 -0,547561953004473 0,823395738758649 -0,945238697537706 -0,194452217565598 
-0,379724057564844 -0,507155239695211 -0,343837951850488 -1,01539602084405 -0,812051805481528 
0,514905238263194 -0,0619424917513558 -0,183148404234701 -0,540145406548537 -0,158646913314466 
0,389080831554097 0,277135495509287 -0,21558161965416 -0,671851361288023 -0,400410768145764 
0,0422809408426438 -0,860608224386756 0,332727843876763 -1,28697266037355 0,116290420630247 
-0,0600128789075279 0,235957277060795 -0,259059706690507 -1,02357219075804 -0,753241496593357 
-0,231316587554509 -0,250314004439549 0,303399846145222 -0,662597125242317 -0,512216725559807 
-0,337736204555683 0,19043506567773 -0,0659998148623012 -0,494026783764643 -0,397691302526692 
-0,35091879364014 -0,157147103607289 0,0909335418995635 -0,868265519663837 -0,646925976580082 
-0,413561238087023 -0,310394159010136 0,261246128202794 -0,792883674714273 -0,445967788434613 
0,230231178181848 -1,15962042787961 -0,140517211511238 -0,749692775854778 -0,357340511451207 
-0,0549453794396861 -0,626749162667123 -0,247554792598812 -0,881070158585552 -0,61812294291808 
