-0,975039398045367 -4,62701928558202 -3,38642119645052 -3,37165362600706 1,11148387664353 -1,32371984030761 2,40060625865596 -2,21802814432626 -3,31070925293384 -1,99600579132226 
2,31407045296884 1,08384595135786 1,65823708321153 -3,90932860307414 -3,83820444194746 -5,44144855634034 2,80401655523797 1,99983772065806 -2,15296988110456 -2,14796070019217 
-2,11300630281483 -7,26981930723234 2,17084972368403 -0,295651708023517 2,41498166952576 0,172053194071769 0,0438871354265959 -3,76718451750441 -3,39631918045044 -2,75810242819488 
1,55751820158812 -5,54765281760447 -2,93034755658846 -4,22515955511925 -0,265422505037706 0,840394505814737 -4,24499635263352 1,83946042654763 -1,14596924137898 0,351481843862773 
-2,73718211610337 1,94823782585477 3,26515786293339 2,0789584127224 -2,68909179052705 -4,42467155573679 -5,47330221565175 2,09982074753848 -3,5838338101931 -2,98851918383484 
0,915569802515401 1,72115408734406 -5,16735123905104 0,111644698140646 -3,05141304725829 -2,01258314699361 -5,08743363288418 -1,76595734164962 -1,99973589526094 1,19783152489842 
0,612863399080904 0,164383853359289 -1,44362111600327 -0,408237826188387 -5,89495306368839 2,07315215873969 -0,765242117053518 -5,30943553724929 2,97154328599166 -3,97991817199856 
-3,81826923435964 -4,25188946752183 -3,33401617743768 -3,70960589706936 -1,12204500959353 -4,1879340135998 -2,9993975087844 -1,07932494845994 -3,71021325120492 1,9248303206891 
-7,59136699338502 -4,63207515543118 -2,18156303469271 0,784239320132057 0,0995904665597239 0,578841030549833 -3,00780478950523 -0,922008731135279 -0,535664052186483 -0,304410924390574 
-4,12074152462081 3,10505784141383 -2,29608210202633 -5,333653973891 -0,387781602817455 -4,85354547135588 0,619787160146706 -3,54802816977491 0,564571555390538 0,209117860557632 
