-3,00913286971319 -2,35482750478129 0,232332725246611 0,832660399263453 -1,69430742811587 2,37064012060518 7,98410552604401 -7,48053676299768 0,65639249612628 -1,83445564897616 
4,45802415998708 14,5174187099655 4,53041118655014 -5,43469832330311 0,559334760559013 -0,199954465006058 5,13460185219253 -2,40030840190576 -4,33073999488087 0,280116435347734 
-0,412807715841707 8,85720201104534 2,10293474947798 9,25090780609268 4,54929529355303 2,89427847319905 -6,15978789807994 0,468119182400538 -4,29577947613899 -2,44510915681815 
-4,68075653944684 -1,05457470013991 -5,04256555293996 -0,378393121591961 2,67744038539177 2,29799662165887 0,945890199239179 -0,771900816473125 1,50969230023566 0,451477686468417 
2,81215608116356 -14,343634600628 5,78255129805735 -0,0163539725550279 -13,0348147079345 -6,59543464338728 1,04144482806456 0,739211996313506 -4,31221605736977 0,590900624559313 
-6,46761749639083 -2,51793388801801 0,0329911822539714 1,29027544070166 7,22018544374302 2,85153452893811 -1,81431064050093 -3,36469051920674 6,38384787098511 -5,42063193832355 
-1,30330197513704 0,0158046512482447 -8,57663247352768 0,678133740635242 0,707564414484681 4,97400540770888 -2,81507300631439 1,73900461458759 5,40393232004339 3,06653354792247 
6,04752692734669 -1,67066818250478 0,386452130309135 2,75966573506121 -12,9107048821865 -2,39308125912483 -2,76391007017573 2,29901014240804 0,136228122759639 2,08003157204977 
-2,2637763253629 1,15947271194441 -0,0333670088654254 -3,76352937387453 6,59092778971326 3,05185042034387 -2,25009791694188 1,51115087677211 5,72912877000751 -1,55215111216745 
1,09859728012733 3,38535303890853 -0,823167268950271 -3,29169536959356 1,2152487043913 -9,10732139479027 0,255912318842045 -3,99932417201173 -0,600875430334016 7,66227824914692 
